32 4096 592 1652273293 503430 1652273293 504022
32 4096 600 1652273294 504515 1652273294 505115
32 4096 595 1652273295 505502 1652273295 506097
32 4096 625 1652273296 506505 1652273296 507130
32 4096 616 1652273297 507553 1652273297 508169
32 4096 592 1652273298 508571 1652273298 509163
32 4096 605 1652273299 509548 1652273299 510153
32 4096 615 1652273300 510554 1652273300 511169
32 4096 612 1652273301 511583 1652273301 512195
32 4096 602 1652273302 512589 1652273302 513191
32 4096 617 1652273303 513586 1652273303 514203
32 4096 645 1652273304 514625 1652273304 515270
32 4096 628 1652273305 515715 1652273305 516343
32 4096 608 1652273306 516764 1652273306 517372
32 4096 597 1652273307 517762 1652273307 518359
32 4096 604 1652273308 518753 1652273308 519357
32 4096 599 1652273309 519733 1652273309 520332
32 4096 591 1652273310 520706 1652273310 521297
32 4096 613 1652273311 521678 1652273311 522291
32 4096 596 1652273312 522678 1652273312 523274
32 4096 594 1652273313 523636 1652273313 524230
