32 4096 611 1652273293 503410 1652273293 504021
32 4096 617 1652273294 504496 1652273294 505113
32 4096 607 1652273295 505489 1652273295 506096
32 4096 644 1652273296 506484 1652273296 507128
32 4096 636 1652273297 507532 1652273297 508168
32 4096 609 1652273298 508552 1652273298 509161
32 4096 617 1652273299 509534 1652273299 510151
32 4096 636 1652273300 510532 1652273300 511168
32 4096 633 1652273301 511561 1652273301 512194
32 4096 616 1652273302 512574 1652273302 513190
32 4096 636 1652273303 513566 1652273303 514202
32 4096 668 1652273304 514601 1652273304 515269
32 4096 649 1652273305 515692 1652273305 516341
32 4096 628 1652273306 516743 1652273306 517371
32 4096 618 1652273307 517740 1652273307 518358
32 4096 619 1652273308 518737 1652273308 519356
32 4096 615 1652273309 519716 1652273309 520331
32 4096 607 1652273310 520689 1652273310 521296
32 4096 626 1652273311 521664 1652273311 522290
32 4096 608 1652273312 522664 1652273312 523272
32 4096 606 1652273313 523623 1652273313 524229
