32 4096 138 1652273182 182307 1652273182 182445
32 4096 136 1652273183 182713 1652273183 182849
32 4096 133 1652273184 183087 1652273184 183220
32 4096 131 1652273185 183450 1652273185 183581
32 4096 134 1652273186 183852 1652273186 183986
32 4096 133 1652273187 184238 1652273187 184371
32 4096 133 1652273188 184636 1652273188 184769
32 4096 135 1652273189 185006 1652273189 185141
32 4096 134 1652273190 185399 1652273190 185533
32 4096 132 1652273191 185772 1652273191 185904
32 4096 140 1652273192 186160 1652273192 186300
32 4096 134 1652273193 186547 1652273193 186681
32 4096 134 1652273194 186922 1652273194 187056
32 4096 137 1652273195 187306 1652273195 187443
32 4096 130 1652273196 187666 1652273196 187796
32 4096 134 1652273197 188054 1652273197 188188
32 4096 139 1652273198 188448 1652273198 188587
32 4096 134 1652273199 188837 1652273199 188971
32 4096 135 1652273200 189209 1652273200 189344
32 4096 133 1652273201 189586 1652273201 189719
32 4096 142 1652273202 189963 1652273202 190105
