32 4096 601 1652273293 503421 1652273293 504022
32 4096 610 1652273294 504504 1652273294 505114
32 4096 601 1652273295 505495 1652273295 506096
32 4096 635 1652273296 506494 1652273296 507129
32 4096 627 1652273297 507542 1652273297 508169
32 4096 602 1652273298 508560 1652273298 509162
32 4096 611 1652273299 509541 1652273299 510152
32 4096 626 1652273300 510542 1652273300 511168
32 4096 622 1652273301 511572 1652273301 512194
32 4096 610 1652273302 512581 1652273302 513191
32 4096 627 1652273303 513575 1652273303 514202
32 4096 657 1652273304 514612 1652273304 515269
32 4096 640 1652273305 515702 1652273305 516342
32 4096 619 1652273306 516753 1652273306 517372
32 4096 608 1652273307 517750 1652273307 518358
32 4096 611 1652273308 518745 1652273308 519356
32 4096 605 1652273309 519726 1652273309 520331
32 4096 599 1652273310 520697 1652273310 521296
32 4096 621 1652273311 521670 1652273311 522291
32 4096 602 1652273312 522671 1652273312 523273
32 4096 601 1652273313 523629 1652273313 524230
