32 4096 580 1652273293 503443 1652273293 504023
32 4096 589 1652273294 504527 1652273294 505116
32 4096 585 1652273295 505513 1652273295 506098
32 4096 608 1652273296 506523 1652273296 507131
32 4096 601 1652273297 507569 1652273297 508170
32 4096 581 1652273298 508583 1652273298 509164
32 4096 596 1652273299 509558 1652273299 510154
32 4096 600 1652273300 510570 1652273300 511170
32 4096 598 1652273301 511598 1652273301 512196
32 4096 590 1652273302 512602 1652273302 513192
32 4096 599 1652273303 513605 1652273303 514204
32 4096 627 1652273304 514644 1652273304 515271
32 4096 610 1652273305 515734 1652273305 516344
32 4096 594 1652273306 516779 1652273306 517373
32 4096 584 1652273307 517776 1652273307 518360
32 4096 593 1652273308 518765 1652273308 519358
32 4096 590 1652273309 519743 1652273309 520333
32 4096 581 1652273310 520717 1652273310 521298
32 4096 604 1652273311 521688 1652273311 522292
32 4096 585 1652273312 522690 1652273312 523275
32 4096 585 1652273313 523646 1652273313 524231
