32 4096 581 1652273293 503443 1652273293 504024
32 4096 588 1652273294 504528 1652273294 505116
32 4096 584 1652273295 505514 1652273295 506098
32 4096 607 1652273296 506524 1652273296 507131
32 4096 600 1652273297 507570 1652273297 508170
32 4096 581 1652273298 508583 1652273298 509164
32 4096 595 1652273299 509559 1652273299 510154
32 4096 599 1652273300 510571 1652273300 511170
32 4096 598 1652273301 511598 1652273301 512196
32 4096 590 1652273302 512603 1652273302 513193
32 4096 598 1652273303 513606 1652273303 514204
32 4096 626 1652273304 514645 1652273304 515271
32 4096 609 1652273305 515735 1652273305 516344
32 4096 594 1652273306 516780 1652273306 517374
32 4096 584 1652273307 517776 1652273307 518360
32 4096 592 1652273308 518766 1652273308 519358
32 4096 589 1652273309 519744 1652273309 520333
32 4096 580 1652273310 520718 1652273310 521298
32 4096 602 1652273311 521690 1652273311 522292
32 4096 584 1652273312 522691 1652273312 523275
32 4096 585 1652273313 523647 1652273313 524232
