32 4096 610 1652273293 503411 1652273293 504021
32 4096 616 1652273294 504497 1652273294 505113
32 4096 606 1652273295 505490 1652273295 506096
32 4096 642 1652273296 506487 1652273296 507129
32 4096 633 1652273297 507535 1652273297 508168
32 4096 607 1652273298 508554 1652273298 509161
32 4096 616 1652273299 509536 1652273299 510152
32 4096 634 1652273300 510534 1652273300 511168
32 4096 631 1652273301 511563 1652273301 512194
32 4096 615 1652273302 512575 1652273302 513190
32 4096 634 1652273303 513568 1652273303 514202
32 4096 665 1652273304 514604 1652273304 515269
32 4096 647 1652273305 515694 1652273305 516341
32 4096 626 1652273306 516745 1652273306 517371
32 4096 615 1652273307 517743 1652273307 518358
32 4096 617 1652273308 518739 1652273308 519356
32 4096 613 1652273309 519718 1652273309 520331
32 4096 605 1652273310 520691 1652273310 521296
32 4096 625 1652273311 521665 1652273311 522290
32 4096 607 1652273312 522666 1652273312 523273
32 4096 605 1652273313 523624 1652273313 524229
