32 4096 616 1652273293 503405 1652273293 504021
32 4096 622 1652273294 504491 1652273294 505113
32 4096 611 1652273295 505484 1652273295 506095
32 4096 653 1652273296 506475 1652273296 507128
32 4096 643 1652273297 507525 1652273297 508168
32 4096 614 1652273298 508547 1652273298 509161
32 4096 621 1652273299 509530 1652273299 510151
32 4096 640 1652273300 510527 1652273300 511167
32 4096 638 1652273301 511555 1652273301 512193
32 4096 621 1652273302 512569 1652273302 513190
32 4096 641 1652273303 513560 1652273303 514201
32 4096 673 1652273304 514595 1652273304 515268
32 4096 656 1652273305 515685 1652273305 516341
32 4096 634 1652273306 516737 1652273306 517371
32 4096 623 1652273307 517734 1652273307 518357
32 4096 623 1652273308 518732 1652273308 519355
32 4096 618 1652273309 519712 1652273309 520330
32 4096 611 1652273310 520684 1652273310 521295
32 4096 631 1652273311 521659 1652273311 522290
32 4096 612 1652273312 522660 1652273312 523272
32 4096 610 1652273313 523619 1652273313 524229
