32 4096 613 1652273293 503408 1652273293 504021
32 4096 619 1652273294 504494 1652273294 505113
32 4096 608 1652273295 505487 1652273295 506095
32 4096 646 1652273296 506482 1652273296 507128
32 4096 638 1652273297 507530 1652273297 508168
32 4096 610 1652273298 508551 1652273298 509161
32 4096 618 1652273299 509533 1652273299 510151
32 4096 637 1652273300 510530 1652273300 511167
32 4096 635 1652273301 511559 1652273301 512194
32 4096 618 1652273302 512572 1652273302 513190
32 4096 637 1652273303 513564 1652273303 514201
32 4096 669 1652273304 514600 1652273304 515269
32 4096 651 1652273305 515690 1652273305 516341
32 4096 630 1652273306 516741 1652273306 517371
32 4096 619 1652273307 517738 1652273307 518357
32 4096 621 1652273308 518735 1652273308 519356
32 4096 615 1652273309 519715 1652273309 520330
32 4096 608 1652273310 520688 1652273310 521296
32 4096 628 1652273311 521662 1652273311 522290
32 4096 609 1652273312 522663 1652273312 523272
32 4096 608 1652273313 523621 1652273313 524229
