32 4096 583 1652273293 503440 1652273293 504023
32 4096 590 1652273294 504525 1652273294 505115
32 4096 587 1652273295 505511 1652273295 506098
32 4096 611 1652273296 506520 1652273296 507131
32 4096 604 1652273297 507566 1652273297 508170
32 4096 583 1652273298 508580 1652273298 509163
32 4096 598 1652273299 509556 1652273299 510154
32 4096 604 1652273300 510566 1652273300 511170
32 4096 602 1652273301 511594 1652273301 512196
32 4096 593 1652273302 512599 1652273302 513192
32 4096 602 1652273303 513602 1652273303 514204
32 4096 631 1652273304 514640 1652273304 515271
32 4096 613 1652273305 515730 1652273305 516343
32 4096 597 1652273306 516776 1652273306 517373
32 4096 587 1652273307 517773 1652273307 518360
32 4096 595 1652273308 518763 1652273308 519358
32 4096 592 1652273309 519741 1652273309 520333
32 4096 583 1652273310 520715 1652273310 521298
32 4096 606 1652273311 521686 1652273311 522292
32 4096 587 1652273312 522688 1652273312 523275
32 4096 587 1652273313 523644 1652273313 524231
