32 4096 575 1652273293 503449 1652273293 504024
32 4096 581 1652273294 504535 1652273294 505116
32 4096 579 1652273295 505520 1652273295 506099
32 4096 596 1652273296 506535 1652273296 507131
32 4096 592 1652273297 507579 1652273297 508171
32 4096 574 1652273298 508590 1652273298 509164
32 4096 589 1652273299 509565 1652273299 510154
32 4096 591 1652273300 510580 1652273300 511171
32 4096 590 1652273301 511607 1652273301 512197
32 4096 582 1652273302 512611 1652273302 513193
32 4096 590 1652273303 513615 1652273303 514205
32 4096 616 1652273304 514656 1652273304 515272
32 4096 599 1652273305 515745 1652273305 516344
32 4096 587 1652273306 516787 1652273306 517374
32 4096 577 1652273307 517784 1652273307 518361
32 4096 586 1652273308 518773 1652273308 519359
32 4096 583 1652273309 519751 1652273309 520334
32 4096 570 1652273310 520729 1652273310 521299
32 4096 597 1652273311 521696 1652273311 522293
32 4096 578 1652273312 522698 1652273312 523276
32 4096 580 1652273313 523652 1652273313 524232
