32 4096 139 1652273182 182306 1652273182 182445
32 4096 137 1652273183 182712 1652273183 182849
32 4096 134 1652273184 183086 1652273184 183220
32 4096 132 1652273185 183449 1652273185 183581
32 4096 137 1652273186 183849 1652273186 183986
32 4096 133 1652273187 184238 1652273187 184371
32 4096 134 1652273188 184635 1652273188 184769
32 4096 135 1652273189 185006 1652273189 185141
32 4096 134 1652273190 185398 1652273190 185532
32 4096 132 1652273191 185771 1652273191 185903
32 4096 141 1652273192 186159 1652273192 186300
32 4096 135 1652273193 186546 1652273193 186681
32 4096 135 1652273194 186921 1652273194 187056
32 4096 137 1652273195 187306 1652273195 187443
32 4096 131 1652273196 187665 1652273196 187796
32 4096 135 1652273197 188053 1652273197 188188
32 4096 140 1652273198 188447 1652273198 188587
32 4096 135 1652273199 188836 1652273199 188971
32 4096 136 1652273200 189208 1652273200 189344
32 4096 133 1652273201 189586 1652273201 189719
32 4096 143 1652273202 189962 1652273202 190105
