32 4096 599 1652273293 503423 1652273293 504022
32 4096 609 1652273294 504505 1652273294 505114
32 4096 599 1652273295 505497 1652273295 506096
32 4096 633 1652273296 506496 1652273296 507129
32 4096 625 1652273297 507544 1652273297 508169
32 4096 601 1652273298 508561 1652273298 509162
32 4096 610 1652273299 509542 1652273299 510152
32 4096 624 1652273300 510544 1652273300 511168
32 4096 621 1652273301 511574 1652273301 512195
32 4096 608 1652273302 512583 1652273302 513191
32 4096 625 1652273303 513577 1652273303 514202
32 4096 655 1652273304 514615 1652273304 515270
32 4096 637 1652273305 515705 1652273305 516342
32 4096 616 1652273306 516756 1652273306 517372
32 4096 603 1652273307 517755 1652273307 518358
32 4096 610 1652273308 518747 1652273308 519357
32 4096 604 1652273309 519727 1652273309 520331
32 4096 598 1652273310 520699 1652273310 521297
32 4096 619 1652273311 521672 1652273311 522291
32 4096 601 1652273312 522672 1652273312 523273
32 4096 600 1652273313 523630 1652273313 524230
