32 4096 603 1652273293 503419 1652273293 504022
32 4096 612 1652273294 504502 1652273294 505114
32 4096 602 1652273295 505494 1652273295 506096
32 4096 637 1652273296 506492 1652273296 507129
32 4096 628 1652273297 507540 1652273297 508168
32 4096 604 1652273298 508558 1652273298 509162
32 4096 613 1652273299 509539 1652273299 510152
32 4096 628 1652273300 510540 1652273300 511168
32 4096 624 1652273301 511570 1652273301 512194
32 4096 612 1652273302 512579 1652273302 513191
32 4096 629 1652273303 513573 1652273303 514202
32 4096 659 1652273304 514610 1652273304 515269
32 4096 642 1652273305 515700 1652273305 516342
32 4096 621 1652273306 516751 1652273306 517372
32 4096 611 1652273307 517747 1652273307 518358
32 4096 613 1652273308 518743 1652273308 519356
32 4096 607 1652273309 519724 1652273309 520331
32 4096 600 1652273310 520696 1652273310 521296
32 4096 622 1652273311 521669 1652273311 522291
32 4096 604 1652273312 522669 1652273312 523273
32 4096 602 1652273313 523628 1652273313 524230
