32 4096 600 1652273293 503422 1652273293 504022
32 4096 610 1652273294 504504 1652273294 505114
32 4096 600 1652273295 505496 1652273295 506096
32 4096 634 1652273296 506495 1652273296 507129
32 4096 626 1652273297 507543 1652273297 508169
32 4096 602 1652273298 508560 1652273298 509162
32 4096 610 1652273299 509542 1652273299 510152
32 4096 625 1652273300 510543 1652273300 511168
32 4096 622 1652273301 511573 1652273301 512195
32 4096 609 1652273302 512582 1652273302 513191
32 4096 626 1652273303 513576 1652273303 514202
32 4096 657 1652273304 514613 1652273304 515270
32 4096 638 1652273305 515704 1652273305 516342
32 4096 617 1652273306 516755 1652273306 517372
32 4096 607 1652273307 517751 1652273307 518358
32 4096 611 1652273308 518746 1652273308 519357
32 4096 605 1652273309 519726 1652273309 520331
32 4096 599 1652273310 520698 1652273310 521297
32 4096 620 1652273311 521671 1652273311 522291
32 4096 602 1652273312 522671 1652273312 523273
32 4096 600 1652273313 523630 1652273313 524230
