32 4096 571 1652273293 503454 1652273293 504025
32 4096 576 1652273294 504541 1652273294 505117
32 4096 574 1652273295 505526 1652273295 506100
32 4096 589 1652273296 506543 1652273296 507132
32 4096 584 1652273297 507587 1652273297 508171
32 4096 569 1652273298 508596 1652273298 509165
32 4096 584 1652273299 509571 1652273299 510155
32 4096 582 1652273300 510589 1652273300 511171
32 4096 582 1652273301 511615 1652273301 512197
32 4096 575 1652273302 512619 1652273302 513194
32 4096 582 1652273303 513623 1652273303 514205
32 4096 606 1652273304 514666 1652273304 515272
32 4096 589 1652273305 515756 1652273305 516345
32 4096 580 1652273306 516795 1652273306 517375
32 4096 569 1652273307 517792 1652273307 518361
32 4096 579 1652273308 518780 1652273308 519359
32 4096 577 1652273309 519757 1652273309 520334
32 4096 564 1652273310 520735 1652273310 521299
32 4096 592 1652273311 521702 1652273311 522294
32 4096 573 1652273312 522703 1652273312 523276
32 4096 575 1652273313 523658 1652273313 524233
