32 4096 586 1652273293 503437 1652273293 504023
32 4096 593 1652273294 504522 1652273294 505115
32 4096 589 1652273295 505509 1652273295 506098
32 4096 614 1652273296 506516 1652273296 507130
32 4096 608 1652273297 507562 1652273297 508170
32 4096 585 1652273298 508578 1652273298 509163
32 4096 599 1652273299 509554 1652273299 510153
32 4096 607 1652273300 510563 1652273300 511170
32 4096 605 1652273301 511591 1652273301 512196
32 4096 596 1652273302 512596 1652273302 513192
32 4096 609 1652273303 513595 1652273303 514204
32 4096 635 1652273304 514636 1652273304 515271
32 4096 617 1652273305 515726 1652273305 516343
32 4096 600 1652273306 516773 1652273306 517373
32 4096 590 1652273307 517770 1652273307 518360
32 4096 598 1652273308 518760 1652273308 519358
32 4096 593 1652273309 519739 1652273309 520332
32 4096 585 1652273310 520713 1652273310 521298
32 4096 608 1652273311 521684 1652273311 522292
32 4096 588 1652273312 522686 1652273312 523274
32 4096 589 1652273313 523642 1652273313 524231
