32 4096 590 1652273293 503433 1652273293 504023
32 4096 598 1652273294 504517 1652273294 505115
32 4096 593 1652273295 505504 1652273295 506097
32 4096 620 1652273296 506510 1652273296 507130
32 4096 612 1652273297 507557 1652273297 508169
32 4096 589 1652273298 508574 1652273298 509163
32 4096 603 1652273299 509550 1652273299 510153
32 4096 612 1652273300 510557 1652273300 511169
32 4096 609 1652273301 511586 1652273301 512195
32 4096 600 1652273302 512592 1652273302 513192
32 4096 614 1652273303 513589 1652273303 514203
32 4096 640 1652273304 514630 1652273304 515270
32 4096 624 1652273305 515719 1652273305 516343
32 4096 605 1652273306 516768 1652273306 517373
32 4096 593 1652273307 517766 1652273307 518359
32 4096 601 1652273308 518756 1652273308 519357
32 4096 597 1652273309 519735 1652273309 520332
32 4096 588 1652273310 520709 1652273310 521297
32 4096 612 1652273311 521680 1652273311 522292
32 4096 592 1652273312 522682 1652273312 523274
32 4096 593 1652273313 523638 1652273313 524231
