32 4096 580 1652273293 503444 1652273293 504024
32 4096 587 1652273294 504529 1652273294 505116
32 4096 583 1652273295 505515 1652273295 506098
32 4096 605 1652273296 506526 1652273296 507131
32 4096 599 1652273297 507571 1652273297 508170
32 4096 580 1652273298 508584 1652273298 509164
32 4096 594 1652273299 509560 1652273299 510154
32 4096 598 1652273300 510572 1652273300 511170
32 4096 596 1652273301 511600 1652273301 512196
32 4096 589 1652273302 512604 1652273302 513193
32 4096 597 1652273303 513607 1652273303 514204
32 4096 625 1652273304 514646 1652273304 515271
32 4096 607 1652273305 515737 1652273305 516344
32 4096 593 1652273306 516781 1652273306 517374
32 4096 583 1652273307 517777 1652273307 518360
32 4096 591 1652273308 518767 1652273308 519358
32 4096 588 1652273309 519745 1652273309 520333
32 4096 579 1652273310 520719 1652273310 521298
32 4096 603 1652273311 521690 1652273311 522293
32 4096 582 1652273312 522693 1652273312 523275
32 4096 584 1652273313 523648 1652273313 524232
