32 4096 569 1652273293 503456 1652273293 504025
32 4096 573 1652273294 504544 1652273294 505117
32 4096 572 1652273295 505528 1652273295 506100
32 4096 585 1652273296 506547 1652273296 507132
32 4096 581 1652273297 507591 1652273297 508172
32 4096 566 1652273298 508599 1652273298 509165
32 4096 580 1652273299 509575 1652273299 510155
32 4096 578 1652273300 510593 1652273300 511171
32 4096 580 1652273301 511618 1652273301 512198
32 4096 573 1652273302 512621 1652273302 513194
32 4096 578 1652273303 513627 1652273303 514205
32 4096 604 1652273304 514669 1652273304 515273
32 4096 585 1652273305 515760 1652273305 516345
32 4096 576 1652273306 516799 1652273306 517375
32 4096 568 1652273307 517794 1652273307 518362
32 4096 578 1652273308 518782 1652273308 519360
32 4096 574 1652273309 519760 1652273309 520334
32 4096 562 1652273310 520738 1652273310 521300
32 4096 590 1652273311 521704 1652273311 522294
32 4096 572 1652273312 522705 1652273312 523277
32 4096 573 1652273313 523660 1652273313 524233
