32 4096 573 1652273293 503452 1652273293 504025
32 4096 578 1652273294 504539 1652273294 505117
32 4096 576 1652273295 505523 1652273295 506099
32 4096 592 1652273296 506540 1652273296 507132
32 4096 587 1652273297 507584 1652273297 508171
32 4096 571 1652273298 508594 1652273298 509165
32 4096 587 1652273299 509568 1652273299 510155
32 4096 586 1652273300 510585 1652273300 511171
32 4096 585 1652273301 511612 1652273301 512197
32 4096 578 1652273302 512616 1652273302 513194
32 4096 585 1652273303 513620 1652273303 514205
32 4096 610 1652273304 514662 1652273304 515272
32 4096 593 1652273305 515752 1652273305 516345
32 4096 581 1652273306 516793 1652273306 517374
32 4096 572 1652273307 517789 1652273307 518361
32 4096 582 1652273308 518777 1652273308 519359
32 4096 579 1652273309 519755 1652273309 520334
32 4096 566 1652273310 520733 1652273310 521299
32 4096 594 1652273311 521699 1652273311 522293
32 4096 575 1652273312 522701 1652273312 523276
32 4096 576 1652273313 523656 1652273313 524232
