32 4096 574 1652273293 503450 1652273293 504024
32 4096 581 1652273294 504535 1652273294 505116
32 4096 578 1652273295 505521 1652273295 506099
32 4096 596 1652273296 506536 1652273296 507132
32 4096 591 1652273297 507580 1652273297 508171
32 4096 573 1652273298 508591 1652273298 509164
32 4096 589 1652273299 509565 1652273299 510154
32 4096 590 1652273300 510581 1652273300 511171
32 4096 589 1652273301 511608 1652273301 512197
32 4096 581 1652273302 512612 1652273302 513193
32 4096 589 1652273303 513616 1652273303 514205
32 4096 615 1652273304 514657 1652273304 515272
32 4096 597 1652273305 515747 1652273305 516344
32 4096 585 1652273306 516789 1652273306 517374
32 4096 576 1652273307 517785 1652273307 518361
32 4096 585 1652273308 518774 1652273308 519359
32 4096 583 1652273309 519751 1652273309 520334
32 4096 569 1652273310 520730 1652273310 521299
32 4096 597 1652273311 521696 1652273311 522293
32 4096 578 1652273312 522698 1652273312 523276
32 4096 579 1652273313 523653 1652273313 524232
