32 4096 618 1652273293 503403 1652273293 504021
32 4096 625 1652273294 504488 1652273294 505113
32 4096 613 1652273295 505482 1652273295 506095
32 4096 658 1652273296 506470 1652273296 507128
32 4096 646 1652273297 507521 1652273297 508167
32 4096 617 1652273298 508544 1652273298 509161
32 4096 623 1652273299 509528 1652273299 510151
32 4096 645 1652273300 510522 1652273300 511167
32 4096 641 1652273301 511552 1652273301 512193
32 4096 624 1652273302 512566 1652273302 513190
32 4096 644 1652273303 513557 1652273303 514201
32 4096 680 1652273304 514588 1652273304 515268
32 4096 662 1652273305 515679 1652273305 516341
32 4096 639 1652273306 516732 1652273306 517371
32 4096 627 1652273307 517730 1652273307 518357
32 4096 626 1652273308 518729 1652273308 519355
32 4096 620 1652273309 519710 1652273309 520330
32 4096 613 1652273310 520682 1652273310 521295
32 4096 633 1652273311 521657 1652273311 522290
32 4096 614 1652273312 522658 1652273312 523272
32 4096 612 1652273313 523617 1652273313 524229
