32 4096 612 1652273293 503409 1652273293 504021
32 4096 618 1652273294 504495 1652273294 505113
32 4096 608 1652273295 505488 1652273295 506096
32 4096 645 1652273296 506483 1652273296 507128
32 4096 637 1652273297 507531 1652273297 508168
32 4096 610 1652273298 508551 1652273298 509161
32 4096 618 1652273299 509533 1652273299 510151
32 4096 637 1652273300 510531 1652273300 511168
32 4096 634 1652273301 511560 1652273301 512194
32 4096 617 1652273302 512573 1652273302 513190
32 4096 636 1652273303 513565 1652273303 514201
32 4096 668 1652273304 514601 1652273304 515269
32 4096 650 1652273305 515691 1652273305 516341
32 4096 628 1652273306 516743 1652273306 517371
32 4096 619 1652273307 517739 1652273307 518358
32 4096 620 1652273308 518736 1652273308 519356
32 4096 614 1652273309 519716 1652273309 520330
32 4096 607 1652273310 520689 1652273310 521296
32 4096 627 1652273311 521663 1652273311 522290
32 4096 609 1652273312 522663 1652273312 523272
32 4096 607 1652273313 523622 1652273313 524229
