32 4096 582 1652273293 503441 1652273293 504023
32 4096 590 1652273294 504525 1652273294 505115
32 4096 586 1652273295 505512 1652273295 506098
32 4096 610 1652273296 506521 1652273296 507131
32 4096 603 1652273297 507567 1652273297 508170
32 4096 582 1652273298 508581 1652273298 509163
32 4096 597 1652273299 509557 1652273299 510154
32 4096 602 1652273300 510568 1652273300 511170
32 4096 601 1652273301 511595 1652273301 512196
32 4096 592 1652273302 512600 1652273302 513192
32 4096 601 1652273303 513603 1652273303 514204
32 4096 630 1652273304 514641 1652273304 515271
32 4096 613 1652273305 515731 1652273305 516344
32 4096 596 1652273306 516777 1652273306 517373
32 4096 586 1652273307 517774 1652273307 518360
32 4096 594 1652273308 518764 1652273308 519358
32 4096 591 1652273309 519742 1652273309 520333
32 4096 582 1652273310 520716 1652273310 521298
32 4096 605 1652273311 521687 1652273311 522292
32 4096 586 1652273312 522689 1652273312 523275
32 4096 586 1652273313 523645 1652273313 524231
