32 4096 579 1652273293 503445 1652273293 504024
32 4096 586 1652273294 504530 1652273294 505116
32 4096 582 1652273295 505516 1652273295 506098
32 4096 602 1652273296 506529 1652273296 507131
32 4096 598 1652273297 507573 1652273297 508171
32 4096 578 1652273298 508586 1652273298 509164
32 4096 593 1652273299 509561 1652273299 510154
32 4096 596 1652273300 510574 1652273300 511170
32 4096 594 1652273301 511602 1652273301 512196
32 4096 587 1652273302 512606 1652273302 513193
32 4096 594 1652273303 513610 1652273303 514204
32 4096 623 1652273304 514649 1652273304 515272
32 4096 605 1652273305 515739 1652273305 516344
32 4096 591 1652273306 516783 1652273306 517374
32 4096 581 1652273307 517779 1652273307 518360
32 4096 590 1652273308 518769 1652273308 519359
32 4096 587 1652273309 519746 1652273309 520333
32 4096 577 1652273310 520721 1652273310 521298
32 4096 601 1652273311 521692 1652273311 522293
32 4096 581 1652273312 522694 1652273312 523275
32 4096 583 1652273313 523649 1652273313 524232
