32 4096 573 1652273293 503451 1652273293 504024
32 4096 580 1652273294 504537 1652273294 505117
32 4096 577 1652273295 505522 1652273295 506099
32 4096 594 1652273296 506538 1652273296 507132
32 4096 589 1652273297 507582 1652273297 508171
32 4096 571 1652273298 508593 1652273298 509164
32 4096 588 1652273299 509567 1652273299 510155
32 4096 588 1652273300 510583 1652273300 511171
32 4096 587 1652273301 511610 1652273301 512197
32 4096 579 1652273302 512614 1652273302 513193
32 4096 587 1652273303 513618 1652273303 514205
32 4096 612 1652273304 514660 1652273304 515272
32 4096 596 1652273305 515749 1652273305 516345
32 4096 583 1652273306 516791 1652273306 517374
32 4096 574 1652273307 517787 1652273307 518361
32 4096 584 1652273308 518775 1652273308 519359
32 4096 581 1652273309 519753 1652273309 520334
32 4096 568 1652273310 520731 1652273310 521299
32 4096 595 1652273311 521698 1652273311 522293
32 4096 576 1652273312 522700 1652273312 523276
32 4096 577 1652273313 523655 1652273313 524232
