32 4096 607 1652273293 503414 1652273293 504021
32 4096 615 1652273294 504498 1652273294 505113
32 4096 605 1652273295 505491 1652273295 506096
32 4096 641 1652273296 506488 1652273296 507129
32 4096 632 1652273297 507536 1652273297 508168
32 4096 606 1652273298 508555 1652273298 509161
32 4096 616 1652273299 509536 1652273299 510152
32 4096 632 1652273300 510536 1652273300 511168
32 4096 630 1652273301 511564 1652273301 512194
32 4096 614 1652273302 512576 1652273302 513190
32 4096 633 1652273303 513569 1652273303 514202
32 4096 664 1652273304 514605 1652273304 515269
32 4096 646 1652273305 515695 1652273305 516341
32 4096 624 1652273306 516747 1652273306 517371
32 4096 615 1652273307 517743 1652273307 518358
32 4096 616 1652273308 518740 1652273308 519356
32 4096 612 1652273309 519719 1652273309 520331
32 4096 604 1652273310 520692 1652273310 521296
32 4096 624 1652273311 521666 1652273311 522290
32 4096 607 1652273312 522666 1652273312 523273
32 4096 604 1652273313 523625 1652273313 524229
