32 4096 577 1652273293 503447 1652273293 504024
32 4096 584 1652273294 504532 1652273294 505116
32 4096 580 1652273295 505518 1652273295 506098
32 4096 600 1652273296 506531 1652273296 507131
32 4096 596 1652273297 507575 1652273297 508171
32 4096 577 1652273298 508587 1652273298 509164
32 4096 591 1652273299 509563 1652273299 510154
32 4096 594 1652273300 510576 1652273300 511170
32 4096 593 1652273301 511604 1652273301 512197
32 4096 585 1652273302 512608 1652273302 513193
32 4096 592 1652273303 513612 1652273303 514204
32 4096 620 1652273304 514652 1652273304 515272
32 4096 602 1652273305 515742 1652273305 516344
32 4096 589 1652273306 516785 1652273306 517374
32 4096 579 1652273307 517781 1652273307 518360
32 4096 588 1652273308 518771 1652273308 519359
32 4096 585 1652273309 519748 1652273309 520333
32 4096 576 1652273310 520723 1652273310 521299
32 4096 600 1652273311 521693 1652273311 522293
32 4096 580 1652273312 522695 1652273312 523275
32 4096 582 1652273313 523650 1652273313 524232
