32 4096 589 1652273293 503434 1652273293 504023
32 4096 596 1652273294 504519 1652273294 505115
32 4096 590 1652273295 505507 1652273295 506097
32 4096 617 1652273296 506513 1652273296 507130
32 4096 611 1652273297 507559 1652273297 508170
32 4096 588 1652273298 508575 1652273298 509163
32 4096 601 1652273299 509552 1652273299 510153
32 4096 610 1652273300 510559 1652273300 511169
32 4096 608 1652273301 511588 1652273301 512196
32 4096 598 1652273302 512594 1652273302 513192
32 4096 612 1652273303 513591 1652273303 514203
32 4096 639 1652273304 514632 1652273304 515271
32 4096 621 1652273305 515722 1652273305 516343
32 4096 603 1652273306 516770 1652273306 517373
32 4096 592 1652273307 517767 1652273307 518359
32 4096 601 1652273308 518757 1652273308 519358
32 4096 595 1652273309 519737 1652273309 520332
32 4096 588 1652273310 520710 1652273310 521298
32 4096 610 1652273311 521682 1652273311 522292
32 4096 590 1652273312 522684 1652273312 523274
32 4096 591 1652273313 523640 1652273313 524231
