32 4096 604 1652273293 503417 1652273293 504021
32 4096 614 1652273294 504500 1652273294 505114
32 4096 603 1652273295 505493 1652273295 506096
32 4096 639 1652273296 506490 1652273296 507129
32 4096 630 1652273297 507538 1652273297 508168
32 4096 604 1652273298 508557 1652273298 509161
32 4096 614 1652273299 509538 1652273299 510152
32 4096 630 1652273300 510538 1652273300 511168
32 4096 626 1652273301 511568 1652273301 512194
32 4096 612 1652273302 512578 1652273302 513190
32 4096 631 1652273303 513571 1652273303 514202
32 4096 662 1652273304 514607 1652273304 515269
32 4096 644 1652273305 515698 1652273305 516342
32 4096 622 1652273306 516749 1652273306 517371
32 4096 613 1652273307 517745 1652273307 518358
32 4096 614 1652273308 518742 1652273308 519356
32 4096 608 1652273309 519723 1652273309 520331
32 4096 602 1652273310 520694 1652273310 521296
32 4096 622 1652273311 521668 1652273311 522290
32 4096 605 1652273312 522668 1652273312 523273
32 4096 603 1652273313 523626 1652273313 524229
