32 4096 585 1652273293 503438 1652273293 504023
32 4096 592 1652273294 504523 1652273294 505115
32 4096 588 1652273295 505510 1652273295 506098
32 4096 613 1652273296 506517 1652273296 507130
32 4096 607 1652273297 507563 1652273297 508170
32 4096 585 1652273298 508578 1652273298 509163
32 4096 599 1652273299 509554 1652273299 510153
32 4096 606 1652273300 510564 1652273300 511170
32 4096 604 1652273301 511592 1652273301 512196
32 4096 595 1652273302 512597 1652273302 513192
32 4096 608 1652273303 513596 1652273303 514204
32 4096 634 1652273304 514637 1652273304 515271
32 4096 616 1652273305 515727 1652273305 516343
32 4096 599 1652273306 516774 1652273306 517373
32 4096 589 1652273307 517771 1652273307 518360
32 4096 597 1652273308 518761 1652273308 519358
32 4096 593 1652273309 519740 1652273309 520333
32 4096 584 1652273310 520714 1652273310 521298
32 4096 607 1652273311 521685 1652273311 522292
32 4096 587 1652273312 522687 1652273312 523274
32 4096 588 1652273313 523643 1652273313 524231
