32 4096 568 1652273293 503457 1652273293 504025
32 4096 570 1652273294 504547 1652273294 505117
32 4096 570 1652273295 505530 1652273295 506100
32 4096 581 1652273296 506551 1652273296 507132
32 4096 576 1652273297 507596 1652273297 508172
32 4096 565 1652273298 508601 1652273298 509166
32 4096 579 1652273299 509577 1652273299 510156
32 4096 575 1652273300 510597 1652273300 511172
32 4096 576 1652273301 511622 1652273301 512198
32 4096 571 1652273302 512624 1652273302 513195
32 4096 576 1652273303 513630 1652273303 514206
32 4096 600 1652273304 514673 1652273304 515273
32 4096 581 1652273305 515764 1652273305 516345
32 4096 573 1652273306 516802 1652273306 517375
32 4096 565 1652273307 517797 1652273307 518362
32 4096 575 1652273308 518785 1652273308 519360
32 4096 573 1652273309 519762 1652273309 520335
32 4096 560 1652273310 520740 1652273310 521300
32 4096 588 1652273311 521706 1652273311 522294
32 4096 570 1652273312 522707 1652273312 523277
32 4096 568 1652273313 523665 1652273313 524233
