32 4096 595 1652273293 503427 1652273293 504022
32 4096 605 1652273294 504509 1652273294 505114
32 4096 597 1652273295 505500 1652273295 506097
32 4096 630 1652273296 506500 1652273296 507130
32 4096 621 1652273297 507548 1652273297 508169
32 4096 598 1652273298 508564 1652273298 509162
32 4096 607 1652273299 509545 1652273299 510152
32 4096 620 1652273300 510549 1652273300 511169
32 4096 617 1652273301 511578 1652273301 512195
32 4096 605 1652273302 512586 1652273302 513191
32 4096 621 1652273303 513582 1652273303 514203
32 4096 650 1652273304 514620 1652273304 515270
32 4096 632 1652273305 515710 1652273305 516342
32 4096 612 1652273306 516760 1652273306 517372
32 4096 600 1652273307 517759 1652273307 518359
32 4096 607 1652273308 518750 1652273308 519357
32 4096 602 1652273309 519730 1652273309 520332
32 4096 594 1652273310 520703 1652273310 521297
32 4096 616 1652273311 521675 1652273311 522291
32 4096 598 1652273312 522675 1652273312 523273
32 4096 596 1652273313 523634 1652273313 524230
