32 4096 576 1652273293 503448 1652273293 504024
32 4096 583 1652273294 504533 1652273294 505116
32 4096 581 1652273295 505518 1652273295 506099
32 4096 599 1652273296 506532 1652273296 507131
32 4096 594 1652273297 507577 1652273297 508171
32 4096 576 1652273298 508588 1652273298 509164
32 4096 591 1652273299 509563 1652273299 510154
32 4096 593 1652273300 510578 1652273300 511171
32 4096 592 1652273301 511605 1652273301 512197
32 4096 584 1652273302 512609 1652273302 513193
32 4096 591 1652273303 513613 1652273303 514204
32 4096 619 1652273304 514653 1652273304 515272
32 4096 601 1652273305 515743 1652273305 516344
32 4096 588 1652273306 516786 1652273306 517374
32 4096 578 1652273307 517782 1652273307 518360
32 4096 588 1652273308 518771 1652273308 519359
32 4096 584 1652273309 519749 1652273309 520333
32 4096 572 1652273310 520727 1652273310 521299
32 4096 599 1652273311 521694 1652273311 522293
32 4096 579 1652273312 522696 1652273312 523275
32 4096 581 1652273313 523651 1652273313 524232
