32 4096 592 1652273293 503431 1652273293 504023
32 4096 599 1652273294 504516 1652273294 505115
32 4096 594 1652273295 505503 1652273295 506097
32 4096 624 1652273296 506506 1652273296 507130
32 4096 614 1652273297 507555 1652273297 508169
32 4096 591 1652273298 508572 1652273298 509163
32 4096 604 1652273299 509549 1652273299 510153
32 4096 614 1652273300 510555 1652273300 511169
32 4096 611 1652273301 511584 1652273301 512195
32 4096 602 1652273302 512590 1652273302 513192
32 4096 616 1652273303 513587 1652273303 514203
32 4096 644 1652273304 514626 1652273304 515270
32 4096 626 1652273305 515717 1652273305 516343
32 4096 607 1652273306 516765 1652273306 517372
32 4096 595 1652273307 517764 1652273307 518359
32 4096 603 1652273308 518754 1652273308 519357
32 4096 598 1652273309 519734 1652273309 520332
32 4096 590 1652273310 520707 1652273310 521297
32 4096 612 1652273311 521679 1652273311 522291
32 4096 595 1652273312 522679 1652273312 523274
32 4096 594 1652273313 523637 1652273313 524231
