32 4096 596 1652273293 503426 1652273293 504022
32 4096 606 1652273294 504508 1652273294 505114
32 4096 598 1652273295 505499 1652273295 506097
32 4096 630 1652273296 506499 1652273296 507129
32 4096 621 1652273297 507548 1652273297 508169
32 4096 599 1652273298 508563 1652273298 509162
32 4096 608 1652273299 509544 1652273299 510152
32 4096 621 1652273300 510548 1652273300 511169
32 4096 618 1652273301 511577 1652273301 512195
32 4096 606 1652273302 512585 1652273302 513191
32 4096 622 1652273303 513581 1652273303 514203
32 4096 651 1652273304 514619 1652273304 515270
32 4096 633 1652273305 515709 1652273305 516342
32 4096 613 1652273306 516759 1652273306 517372
32 4096 601 1652273307 517758 1652273307 518359
32 4096 608 1652273308 518749 1652273308 519357
32 4096 603 1652273309 519729 1652273309 520332
32 4096 595 1652273310 520702 1652273310 521297
32 4096 617 1652273311 521674 1652273311 522291
32 4096 598 1652273312 522675 1652273312 523273
32 4096 597 1652273313 523633 1652273313 524230
