32 4096 598 1652273293 503424 1652273293 504022
32 4096 608 1652273294 504506 1652273294 505114
32 4096 599 1652273295 505497 1652273295 506096
32 4096 632 1652273296 506497 1652273296 507129
32 4096 624 1652273297 507545 1652273297 508169
32 4096 600 1652273298 508562 1652273298 509162
32 4096 609 1652273299 509543 1652273299 510152
32 4096 624 1652273300 510545 1652273300 511169
32 4096 620 1652273301 511575 1652273301 512195
32 4096 607 1652273302 512584 1652273302 513191
32 4096 623 1652273303 513579 1652273303 514202
32 4096 654 1652273304 514616 1652273304 515270
32 4096 636 1652273305 515706 1652273305 516342
32 4096 615 1652273306 516757 1652273306 517372
32 4096 602 1652273307 517756 1652273307 518358
32 4096 610 1652273308 518747 1652273308 519357
32 4096 603 1652273309 519728 1652273309 520331
32 4096 597 1652273310 520700 1652273310 521297
32 4096 618 1652273311 521673 1652273311 522291
32 4096 600 1652273312 522673 1652273312 523273
32 4096 599 1652273313 523631 1652273313 524230
