32 4096 578 1652273293 503446 1652273293 504024
32 4096 585 1652273294 504531 1652273294 505116
32 4096 581 1652273295 505517 1652273295 506098
32 4096 601 1652273296 506530 1652273296 507131
32 4096 597 1652273297 507574 1652273297 508171
32 4096 577 1652273298 508587 1652273298 509164
32 4096 592 1652273299 509562 1652273299 510154
32 4096 595 1652273300 510575 1652273300 511170
32 4096 594 1652273301 511603 1652273301 512197
32 4096 586 1652273302 512607 1652273302 513193
32 4096 593 1652273303 513611 1652273303 514204
32 4096 622 1652273304 514650 1652273304 515272
32 4096 603 1652273305 515741 1652273305 516344
32 4096 590 1652273306 516784 1652273306 517374
32 4096 580 1652273307 517780 1652273307 518360
32 4096 589 1652273308 518770 1652273308 519359
32 4096 586 1652273309 519747 1652273309 520333
32 4096 577 1652273310 520722 1652273310 521299
32 4096 600 1652273311 521693 1652273311 522293
32 4096 580 1652273312 522695 1652273312 523275
32 4096 583 1652273313 523649 1652273313 524232
