32 4096 602 1652273293 503420 1652273293 504022
32 4096 611 1652273294 504503 1652273294 505114
32 4096 601 1652273295 505495 1652273295 506096
32 4096 636 1652273296 506493 1652273296 507129
32 4096 628 1652273297 507540 1652273297 508168
32 4096 603 1652273298 508559 1652273298 509162
32 4096 612 1652273299 509540 1652273299 510152
32 4096 628 1652273300 510540 1652273300 511168
32 4096 623 1652273301 511571 1652273301 512194
32 4096 611 1652273302 512580 1652273302 513191
32 4096 628 1652273303 513574 1652273303 514202
32 4096 658 1652273304 514611 1652273304 515269
32 4096 641 1652273305 515701 1652273305 516342
32 4096 620 1652273306 516752 1652273306 517372
32 4096 610 1652273307 517748 1652273307 518358
32 4096 612 1652273308 518744 1652273308 519356
32 4096 606 1652273309 519725 1652273309 520331
32 4096 599 1652273310 520697 1652273310 521296
32 4096 621 1652273311 521670 1652273311 522291
32 4096 603 1652273312 522670 1652273312 523273
32 4096 602 1652273313 523628 1652273313 524230
