32 4096 572 1652273293 503452 1652273293 504024
32 4096 579 1652273294 504538 1652273294 505117
32 4096 576 1652273295 505523 1652273295 506099
32 4096 593 1652273296 506539 1652273296 507132
32 4096 588 1652273297 507583 1652273297 508171
32 4096 572 1652273298 508593 1652273298 509165
32 4096 587 1652273299 509568 1652273299 510155
32 4096 587 1652273300 510584 1652273300 511171
32 4096 586 1652273301 511611 1652273301 512197
32 4096 578 1652273302 512615 1652273302 513193
32 4096 586 1652273303 513619 1652273303 514205
32 4096 611 1652273304 514661 1652273304 515272
32 4096 595 1652273305 515750 1652273305 516345
32 4096 582 1652273306 516792 1652273306 517374
32 4096 573 1652273307 517788 1652273307 518361
32 4096 583 1652273308 518776 1652273308 519359
32 4096 580 1652273309 519754 1652273309 520334
32 4096 567 1652273310 520732 1652273310 521299
32 4096 595 1652273311 521698 1652273311 522293
32 4096 575 1652273312 522701 1652273312 523276
32 4096 577 1652273313 523655 1652273313 524232
