32 4096 569 1652273293 503456 1652273293 504025
32 4096 572 1652273294 504545 1652273294 505117
32 4096 572 1652273295 505528 1652273295 506100
32 4096 583 1652273296 506549 1652273296 507132
32 4096 580 1652273297 507592 1652273297 508172
32 4096 566 1652273298 508599 1652273298 509165
32 4096 580 1652273299 509576 1652273299 510156
32 4096 578 1652273300 510594 1652273300 511172
32 4096 578 1652273301 511620 1652273301 512198
32 4096 572 1652273302 512622 1652273302 513194
32 4096 578 1652273303 513628 1652273303 514206
32 4096 602 1652273304 514671 1652273304 515273
32 4096 584 1652273305 515761 1652273305 516345
32 4096 575 1652273306 516800 1652273306 517375
32 4096 567 1652273307 517795 1652273307 518362
32 4096 577 1652273308 518783 1652273308 519360
32 4096 574 1652273309 519760 1652273309 520334
32 4096 561 1652273310 520739 1652273310 521300
32 4096 589 1652273311 521705 1652273311 522294
32 4096 571 1652273312 522706 1652273312 523277
32 4096 572 1652273313 523661 1652273313 524233
