32 4096 614 1652273293 503407 1652273293 504021
32 4096 620 1652273294 504493 1652273294 505113
32 4096 609 1652273295 505486 1652273295 506095
32 4096 650 1652273296 506478 1652273296 507128
32 4096 639 1652273297 507529 1652273297 508168
32 4096 612 1652273298 508549 1652273298 509161
32 4096 619 1652273299 509532 1652273299 510151
32 4096 638 1652273300 510529 1652273300 511167
32 4096 636 1652273301 511558 1652273301 512194
32 4096 619 1652273302 512571 1652273302 513190
32 4096 638 1652273303 513563 1652273303 514201
32 4096 671 1652273304 514598 1652273304 515269
32 4096 653 1652273305 515688 1652273305 516341
32 4096 631 1652273306 516740 1652273306 517371
32 4096 620 1652273307 517737 1652273307 518357
32 4096 622 1652273308 518734 1652273308 519356
32 4096 616 1652273309 519714 1652273309 520330
32 4096 609 1652273310 520687 1652273310 521296
32 4096 629 1652273311 521661 1652273311 522290
32 4096 610 1652273312 522662 1652273312 523272
32 4096 608 1652273313 523621 1652273313 524229
