32 4096 594 1652273293 503428 1652273293 504022
32 4096 604 1652273294 504510 1652273294 505114
32 4096 597 1652273295 505500 1652273295 506097
32 4096 628 1652273296 506502 1652273296 507130
32 4096 619 1652273297 507550 1652273297 508169
32 4096 594 1652273298 508568 1652273298 509162
32 4096 607 1652273299 509546 1652273299 510153
32 4096 619 1652273300 510550 1652273300 511169
32 4096 616 1652273301 511579 1652273301 512195
32 4096 604 1652273302 512587 1652273302 513191
32 4096 620 1652273303 513583 1652273303 514203
32 4096 649 1652273304 514621 1652273304 515270
32 4096 630 1652273305 515712 1652273305 516342
32 4096 611 1652273306 516761 1652273306 517372
32 4096 599 1652273307 517760 1652273307 518359
32 4096 606 1652273308 518751 1652273308 519357
32 4096 601 1652273309 519731 1652273309 520332
32 4096 594 1652273310 520703 1652273310 521297
32 4096 615 1652273311 521676 1652273311 522291
32 4096 598 1652273312 522676 1652273312 523274
32 4096 596 1652273313 523634 1652273313 524230
