32 4096 568 1652273293 503457 1652273293 504025
32 4096 571 1652273294 504546 1652273294 505117
32 4096 571 1652273295 505529 1652273295 506100
32 4096 582 1652273296 506550 1652273296 507132
32 4096 578 1652273297 507594 1652273297 508172
32 4096 564 1652273298 508601 1652273298 509165
32 4096 580 1652273299 509576 1652273299 510156
32 4096 577 1652273300 510595 1652273300 511172
32 4096 578 1652273301 511620 1652273301 512198
32 4096 571 1652273302 512623 1652273302 513194
32 4096 577 1652273303 513629 1652273303 514206
32 4096 601 1652273304 514672 1652273304 515273
32 4096 583 1652273305 515762 1652273305 516345
32 4096 573 1652273306 516802 1652273306 517375
32 4096 565 1652273307 517797 1652273307 518362
32 4096 576 1652273308 518784 1652273308 519360
32 4096 574 1652273309 519761 1652273309 520335
32 4096 560 1652273310 520740 1652273310 521300
32 4096 589 1652273311 521705 1652273311 522294
32 4096 570 1652273312 522707 1652273312 523277
32 4096 571 1652273313 523662 1652273313 524233
