32 4096 576 1652273293 503448 1652273293 504024
32 4096 582 1652273294 504534 1652273294 505116
32 4096 580 1652273295 505519 1652273295 506099
32 4096 598 1652273296 506533 1652273296 507131
32 4096 593 1652273297 507578 1652273297 508171
32 4096 575 1652273298 508589 1652273298 509164
32 4096 590 1652273299 509564 1652273299 510154
32 4096 592 1652273300 510579 1652273300 511171
32 4096 591 1652273301 511606 1652273301 512197
32 4096 583 1652273302 512610 1652273302 513193
32 4096 591 1652273303 513614 1652273303 514205
32 4096 617 1652273304 514655 1652273304 515272
32 4096 600 1652273305 515744 1652273305 516344
32 4096 587 1652273306 516787 1652273306 517374
32 4096 578 1652273307 517783 1652273307 518361
32 4096 587 1652273308 518772 1652273308 519359
32 4096 584 1652273309 519750 1652273309 520334
32 4096 571 1652273310 520728 1652273310 521299
32 4096 598 1652273311 521695 1652273311 522293
32 4096 579 1652273312 522697 1652273312 523276
32 4096 581 1652273313 523651 1652273313 524232
