32 4096 597 1652273293 503425 1652273293 504022
32 4096 607 1652273294 504507 1652273294 505114
32 4096 599 1652273295 505498 1652273295 506097
32 4096 631 1652273296 506498 1652273296 507129
32 4096 623 1652273297 507546 1652273297 508169
32 4096 599 1652273298 508563 1652273298 509162
32 4096 608 1652273299 509544 1652273299 510152
32 4096 622 1652273300 510547 1652273300 511169
32 4096 619 1652273301 511576 1652273301 512195
32 4096 607 1652273302 512584 1652273302 513191
32 4096 623 1652273303 513580 1652273303 514203
32 4096 652 1652273304 514618 1652273304 515270
32 4096 634 1652273305 515708 1652273305 516342
32 4096 614 1652273306 516758 1652273306 517372
32 4096 602 1652273307 517757 1652273307 518359
32 4096 609 1652273308 518748 1652273308 519357
32 4096 602 1652273309 519729 1652273309 520331
32 4096 596 1652273310 520701 1652273310 521297
32 4096 617 1652273311 521674 1652273311 522291
32 4096 599 1652273312 522674 1652273312 523273
32 4096 598 1652273313 523632 1652273313 524230
