32 4096 141 1652273182 182303 1652273182 182444
32 4096 140 1652273183 182709 1652273183 182849
32 4096 135 1652273184 183085 1652273184 183220
32 4096 133 1652273185 183448 1652273185 183581
32 4096 138 1652273186 183848 1652273186 183986
32 4096 134 1652273187 184237 1652273187 184371
32 4096 135 1652273188 184634 1652273188 184769
32 4096 136 1652273189 185005 1652273189 185141
32 4096 134 1652273190 185398 1652273190 185532
32 4096 133 1652273191 185770 1652273191 185903
32 4096 142 1652273192 186158 1652273192 186300
32 4096 137 1652273193 186544 1652273193 186681
32 4096 136 1652273194 186920 1652273194 187056
32 4096 138 1652273195 187305 1652273195 187443
32 4096 132 1652273196 187664 1652273196 187796
32 4096 136 1652273197 188052 1652273197 188188
32 4096 141 1652273198 188446 1652273198 188587
32 4096 136 1652273199 188835 1652273199 188971
32 4096 137 1652273200 189207 1652273200 189344
32 4096 134 1652273201 189585 1652273201 189719
32 4096 148 1652273202 189957 1652273202 190105
