32 4096 588 1652273293 503435 1652273293 504023
32 4096 595 1652273294 504520 1652273294 505115
32 4096 590 1652273295 505507 1652273295 506097
32 4096 616 1652273296 506514 1652273296 507130
32 4096 610 1652273297 507560 1652273297 508170
32 4096 587 1652273298 508576 1652273298 509163
32 4096 601 1652273299 509552 1652273299 510153
32 4096 608 1652273300 510561 1652273300 511169
32 4096 607 1652273301 511589 1652273301 512196
32 4096 597 1652273302 512595 1652273302 513192
32 4096 610 1652273303 513593 1652273303 514203
32 4096 638 1652273304 514633 1652273304 515271
32 4096 620 1652273305 515723 1652273305 516343
32 4096 602 1652273306 516771 1652273306 517373
32 4096 591 1652273307 517768 1652273307 518359
32 4096 600 1652273308 518758 1652273308 519358
32 4096 595 1652273309 519737 1652273309 520332
32 4096 587 1652273310 520711 1652273310 521298
32 4096 610 1652273311 521682 1652273311 522292
32 4096 589 1652273312 522685 1652273312 523274
32 4096 590 1652273313 523641 1652273313 524231
