32 4096 590 1652273293 503433 1652273293 504023
32 4096 597 1652273294 504518 1652273294 505115
32 4096 592 1652273295 505505 1652273295 506097
32 4096 618 1652273296 506512 1652273296 507130
32 4096 612 1652273297 507558 1652273297 508170
32 4096 588 1652273298 508575 1652273298 509163
32 4096 602 1652273299 509551 1652273299 510153
32 4096 611 1652273300 510558 1652273300 511169
32 4096 608 1652273301 511587 1652273301 512195
32 4096 599 1652273302 512593 1652273302 513192
32 4096 613 1652273303 513590 1652273303 514203
32 4096 639 1652273304 514631 1652273304 515270
32 4096 622 1652273305 515721 1652273305 516343
32 4096 604 1652273306 516769 1652273306 517373
32 4096 592 1652273307 517767 1652273307 518359
32 4096 601 1652273308 518757 1652273308 519358
32 4096 596 1652273309 519736 1652273309 520332
32 4096 588 1652273310 520709 1652273310 521297
32 4096 611 1652273311 521681 1652273311 522292
32 4096 591 1652273312 522683 1652273312 523274
32 4096 592 1652273313 523639 1652273313 524231
