32 4096 594 1652273293 503428 1652273293 504022
32 4096 603 1652273294 504511 1652273294 505114
32 4096 596 1652273295 505501 1652273295 506097
32 4096 627 1652273296 506503 1652273296 507130
32 4096 618 1652273297 507551 1652273297 508169
32 4096 593 1652273298 508569 1652273298 509162
32 4096 607 1652273299 509546 1652273299 510153
32 4096 618 1652273300 510551 1652273300 511169
32 4096 614 1652273301 511581 1652273301 512195
32 4096 604 1652273302 512587 1652273302 513191
32 4096 619 1652273303 513584 1652273303 514203
32 4096 648 1652273304 514622 1652273304 515270
32 4096 629 1652273305 515713 1652273305 516342
32 4096 610 1652273306 516762 1652273306 517372
32 4096 598 1652273307 517761 1652273307 518359
32 4096 606 1652273308 518751 1652273308 519357
32 4096 601 1652273309 519731 1652273309 520332
32 4096 593 1652273310 520704 1652273310 521297
32 4096 614 1652273311 521677 1652273311 522291
32 4096 597 1652273312 522677 1652273312 523274
32 4096 595 1652273313 523635 1652273313 524230
