32 4096 615 1652273293 503406 1652273293 504021
32 4096 621 1652273294 504492 1652273294 505113
32 4096 609 1652273295 505486 1652273295 506095
32 4096 651 1652273296 506477 1652273296 507128
32 4096 640 1652273297 507528 1652273297 508168
32 4096 613 1652273298 508548 1652273298 509161
32 4096 620 1652273299 509531 1652273299 510151
32 4096 639 1652273300 510528 1652273300 511167
32 4096 637 1652273301 511557 1652273301 512194
32 4096 620 1652273302 512570 1652273302 513190
32 4096 639 1652273303 513562 1652273303 514201
32 4096 672 1652273304 514597 1652273304 515269
32 4096 654 1652273305 515687 1652273305 516341
32 4096 632 1652273306 516739 1652273306 517371
32 4096 622 1652273307 517735 1652273307 518357
32 4096 623 1652273308 518733 1652273308 519356
32 4096 617 1652273309 519713 1652273309 520330
32 4096 609 1652273310 520686 1652273310 521295
32 4096 630 1652273311 521660 1652273311 522290
32 4096 611 1652273312 522661 1652273312 523272
32 4096 609 1652273313 523620 1652273313 524229
