32 4096 570 1652273293 503455 1652273293 504025
32 4096 575 1652273294 504542 1652273294 505117
32 4096 574 1652273295 505526 1652273295 506100
32 4096 588 1652273296 506544 1652273296 507132
32 4096 584 1652273297 507588 1652273297 508172
32 4096 568 1652273298 508597 1652273298 509165
32 4096 581 1652273299 509574 1652273299 510155
32 4096 581 1652273300 510590 1652273300 511171
32 4096 582 1652273301 511616 1652273301 512198
32 4096 575 1652273302 512619 1652273302 513194
32 4096 580 1652273303 513625 1652273303 514205
32 4096 606 1652273304 514667 1652273304 515273
32 4096 588 1652273305 515757 1652273305 516345
32 4096 578 1652273306 516797 1652273306 517375
32 4096 568 1652273307 517793 1652273307 518361
32 4096 579 1652273308 518781 1652273308 519360
32 4096 576 1652273309 519758 1652273309 520334
32 4096 563 1652273310 520736 1652273310 521299
32 4096 592 1652273311 521702 1652273311 522294
32 4096 572 1652273312 522704 1652273312 523276
32 4096 574 1652273313 523659 1652273313 524233
