32 4096 568 1652273293 503458 1652273293 504026
32 4096 569 1652273294 504548 1652273294 505117
32 4096 570 1652273295 505530 1652273295 506100
32 4096 581 1652273296 506552 1652273296 507133
32 4096 575 1652273297 507597 1652273297 508172
32 4096 564 1652273298 508602 1652273298 509166
32 4096 578 1652273299 509578 1652273299 510156
32 4096 574 1652273300 510598 1652273300 511172
32 4096 575 1652273301 511623 1652273301 512198
32 4096 569 1652273302 512626 1652273302 513195
32 4096 575 1652273303 513631 1652273303 514206
32 4096 598 1652273304 514675 1652273304 515273
32 4096 580 1652273305 515765 1652273305 516345
32 4096 573 1652273306 516803 1652273306 517376
32 4096 564 1652273307 517798 1652273307 518362
32 4096 574 1652273308 518786 1652273308 519360
32 4096 572 1652273309 519763 1652273309 520335
32 4096 559 1652273310 520741 1652273310 521300
32 4096 588 1652273311 521707 1652273311 522295
32 4096 569 1652273312 522708 1652273312 523277
32 4096 567 1652273313 523666 1652273313 524233
