32 4096 593 1652273293 503429 1652273293 504022
32 4096 604 1652273294 504511 1652273294 505115
32 4096 595 1652273295 505502 1652273295 506097
32 4096 626 1652273296 506504 1652273296 507130
32 4096 617 1652273297 507552 1652273297 508169
32 4096 592 1652273298 508570 1652273298 509162
32 4096 606 1652273299 509547 1652273299 510153
32 4096 616 1652273300 510553 1652273300 511169
32 4096 613 1652273301 511582 1652273301 512195
32 4096 603 1652273302 512588 1652273302 513191
32 4096 618 1652273303 513585 1652273303 514203
32 4096 646 1652273304 514624 1652273304 515270
32 4096 629 1652273305 515714 1652273305 516343
32 4096 609 1652273306 516763 1652273306 517372
32 4096 597 1652273307 517762 1652273307 518359
32 4096 605 1652273308 518752 1652273308 519357
32 4096 600 1652273309 519732 1652273309 520332
32 4096 592 1652273310 520705 1652273310 521297
32 4096 614 1652273311 521677 1652273311 522291
32 4096 597 1652273312 522677 1652273312 523274
32 4096 594 1652273313 523636 1652273313 524230
