32 4096 610 1652273293 503411 1652273293 504021
32 4096 616 1652273294 504497 1652273294 505113
32 4096 606 1652273295 505490 1652273295 506096
32 4096 644 1652273296 506485 1652273296 507129
32 4096 634 1652273297 507534 1652273297 508168
32 4096 608 1652273298 508553 1652273298 509161
32 4096 616 1652273299 509535 1652273299 510151
32 4096 635 1652273300 510533 1652273300 511168
32 4096 632 1652273301 511562 1652273301 512194
32 4096 616 1652273302 512574 1652273302 513190
32 4096 635 1652273303 513567 1652273303 514202
32 4096 666 1652273304 514603 1652273304 515269
32 4096 648 1652273305 515693 1652273305 516341
32 4096 627 1652273306 516744 1652273306 517371
32 4096 616 1652273307 517742 1652273307 518358
32 4096 618 1652273308 518738 1652273308 519356
32 4096 614 1652273309 519717 1652273309 520331
32 4096 606 1652273310 520690 1652273310 521296
32 4096 626 1652273311 521664 1652273311 522290
32 4096 607 1652273312 522665 1652273312 523272
32 4096 605 1652273313 523624 1652273313 524229
