32 4096 137 1652273182 182308 1652273182 182445
32 4096 134 1652273183 182715 1652273183 182849
32 4096 132 1652273184 183088 1652273184 183220
32 4096 129 1652273185 183453 1652273185 183582
32 4096 132 1652273186 183854 1652273186 183986
32 4096 132 1652273187 184239 1652273187 184371
32 4096 132 1652273188 184637 1652273188 184769
32 4096 135 1652273189 185007 1652273189 185142
32 4096 133 1652273190 185400 1652273190 185533
32 4096 131 1652273191 185773 1652273191 185904
32 4096 138 1652273192 186162 1652273192 186300
32 4096 132 1652273193 186549 1652273193 186681
32 4096 134 1652273194 186923 1652273194 187057
32 4096 135 1652273195 187308 1652273195 187443
32 4096 130 1652273196 187667 1652273196 187797
32 4096 134 1652273197 188055 1652273197 188189
32 4096 138 1652273198 188449 1652273198 188587
32 4096 133 1652273199 188838 1652273199 188971
32 4096 134 1652273200 189210 1652273200 189344
32 4096 132 1652273201 189587 1652273201 189719
32 4096 140 1652273202 189965 1652273202 190105
