32 4096 572 1652273293 503453 1652273293 504025
32 4096 577 1652273294 504540 1652273294 505117
32 4096 574 1652273295 505525 1652273295 506099
32 4096 590 1652273296 506542 1652273296 507132
32 4096 584 1652273297 507587 1652273297 508171
32 4096 569 1652273298 508596 1652273298 509165
32 4096 585 1652273299 509570 1652273299 510155
32 4096 583 1652273300 510588 1652273300 511171
32 4096 583 1652273301 511614 1652273301 512197
32 4096 576 1652273302 512618 1652273302 513194
32 4096 583 1652273303 513622 1652273303 514205
32 4096 607 1652273304 514665 1652273304 515272
32 4096 591 1652273305 515754 1652273305 516345
32 4096 581 1652273306 516794 1652273306 517375
32 4096 570 1652273307 517791 1652273307 518361
32 4096 580 1652273308 518779 1652273308 519359
32 4096 577 1652273309 519757 1652273309 520334
32 4096 565 1652273310 520734 1652273310 521299
32 4096 593 1652273311 521701 1652273311 522294
32 4096 573 1652273312 522703 1652273312 523276
32 4096 576 1652273313 523657 1652273313 524233
