32 4096 581 1652273293 503442 1652273293 504023
32 4096 590 1652273294 504526 1652273294 505116
32 4096 586 1652273295 505512 1652273295 506098
32 4096 609 1652273296 506522 1652273296 507131
32 4096 602 1652273297 507568 1652273297 508170
32 4096 581 1652273298 508582 1652273298 509163
32 4096 596 1652273299 509558 1652273299 510154
32 4096 601 1652273300 510569 1652273300 511170
32 4096 599 1652273301 511597 1652273301 512196
32 4096 591 1652273302 512601 1652273302 513192
32 4096 600 1652273303 513604 1652273303 514204
32 4096 629 1652273304 514642 1652273304 515271
32 4096 611 1652273305 515733 1652273305 516344
32 4096 595 1652273306 516778 1652273306 517373
32 4096 585 1652273307 517775 1652273307 518360
32 4096 593 1652273308 518765 1652273308 519358
32 4096 590 1652273309 519743 1652273309 520333
32 4096 581 1652273310 520717 1652273310 521298
32 4096 604 1652273311 521688 1652273311 522292
32 4096 585 1652273312 522690 1652273312 523275
32 4096 585 1652273313 523646 1652273313 524231
