32 4096 584 1652273293 503439 1652273293 504023
32 4096 591 1652273294 504524 1652273294 505115
32 4096 588 1652273295 505510 1652273295 506098
32 4096 613 1652273296 506518 1652273296 507131
32 4096 606 1652273297 507564 1652273297 508170
32 4096 584 1652273298 508579 1652273298 509163
32 4096 598 1652273299 509555 1652273299 510153
32 4096 605 1652273300 510565 1652273300 511170
32 4096 603 1652273301 511593 1652273301 512196
32 4096 594 1652273302 512598 1652273302 513192
32 4096 607 1652273303 513597 1652273303 514204
32 4096 633 1652273304 514638 1652273304 515271
32 4096 614 1652273305 515729 1652273305 516343
32 4096 598 1652273306 516775 1652273306 517373
32 4096 588 1652273307 517772 1652273307 518360
32 4096 596 1652273308 518762 1652273308 519358
32 4096 593 1652273309 519740 1652273309 520333
32 4096 584 1652273310 520714 1652273310 521298
32 4096 607 1652273311 521685 1652273311 522292
32 4096 588 1652273312 522687 1652273312 523275
32 4096 587 1652273313 523644 1652273313 524231
