32 4096 135 1652273182 182310 1652273182 182445
32 4096 133 1652273183 182717 1652273183 182850
32 4096 130 1652273184 183090 1652273184 183220
32 4096 128 1652273185 183454 1652273185 183582
32 4096 131 1652273186 183855 1652273186 183986
32 4096 130 1652273187 184241 1652273187 184371
32 4096 130 1652273188 184639 1652273188 184769
32 4096 133 1652273189 185009 1652273189 185142
32 4096 131 1652273190 185402 1652273190 185533
32 4096 129 1652273191 185775 1652273191 185904
32 4096 137 1652273192 186163 1652273192 186300
32 4096 130 1652273193 186551 1652273193 186681
32 4096 132 1652273194 186925 1652273194 187057
32 4096 133 1652273195 187310 1652273195 187443
32 4096 128 1652273196 187669 1652273196 187797
32 4096 132 1652273197 188057 1652273197 188189
32 4096 136 1652273198 188451 1652273198 188587
32 4096 132 1652273199 188840 1652273199 188972
32 4096 132 1652273200 189212 1652273200 189344
32 4096 130 1652273201 189589 1652273201 189719
32 4096 137 1652273202 189969 1652273202 190106
