32 4096 587 1652273293 503436 1652273293 504023
32 4096 594 1652273294 504521 1652273294 505115
32 4096 589 1652273295 505508 1652273295 506097
32 4096 614 1652273296 506516 1652273296 507130
32 4096 609 1652273297 507561 1652273297 508170
32 4096 586 1652273298 508577 1652273298 509163
32 4096 600 1652273299 509553 1652273299 510153
32 4096 608 1652273300 510562 1652273300 511170
32 4096 606 1652273301 511590 1652273301 512196
32 4096 597 1652273302 512595 1652273302 513192
32 4096 609 1652273303 513594 1652273303 514203
32 4096 637 1652273304 514634 1652273304 515271
32 4096 618 1652273305 515725 1652273305 516343
32 4096 601 1652273306 516772 1652273306 517373
32 4096 590 1652273307 517769 1652273307 518359
32 4096 599 1652273308 518759 1652273308 519358
32 4096 594 1652273309 519738 1652273309 520332
32 4096 586 1652273310 520712 1652273310 521298
32 4096 609 1652273311 521683 1652273311 522292
32 4096 589 1652273312 522685 1652273312 523274
32 4096 590 1652273313 523641 1652273313 524231
