32 4096 574 1652273293 503450 1652273293 504024
32 4096 580 1652273294 504536 1652273294 505116
32 4096 578 1652273295 505521 1652273295 506099
32 4096 595 1652273296 506537 1652273296 507132
32 4096 590 1652273297 507581 1652273297 508171
32 4096 572 1652273298 508592 1652273298 509164
32 4096 589 1652273299 509566 1652273299 510155
32 4096 589 1652273300 510582 1652273300 511171
32 4096 588 1652273301 511609 1652273301 512197
32 4096 580 1652273302 512613 1652273302 513193
32 4096 588 1652273303 513617 1652273303 514205
32 4096 614 1652273304 514658 1652273304 515272
32 4096 596 1652273305 515748 1652273305 516344
32 4096 584 1652273306 516790 1652273306 517374
32 4096 575 1652273307 517786 1652273307 518361
32 4096 585 1652273308 518774 1652273308 519359
32 4096 582 1652273309 519752 1652273309 520334
32 4096 568 1652273310 520731 1652273310 521299
32 4096 596 1652273311 521697 1652273311 522293
32 4096 577 1652273312 522699 1652273312 523276
32 4096 578 1652273313 523654 1652273313 524232
