32 4096 570 1652273293 503455 1652273293 504025
32 4096 574 1652273294 504543 1652273294 505117
32 4096 573 1652273295 505527 1652273295 506100
32 4096 587 1652273296 506545 1652273296 507132
32 4096 582 1652273297 507590 1652273297 508172
32 4096 567 1652273298 508598 1652273298 509165
32 4096 581 1652273299 509574 1652273299 510155
32 4096 579 1652273300 510592 1652273300 511171
32 4096 581 1652273301 511617 1652273301 512198
32 4096 574 1652273302 512620 1652273302 513194
32 4096 579 1652273303 513626 1652273303 514205
32 4096 605 1652273304 514668 1652273304 515273
32 4096 587 1652273305 515758 1652273305 516345
32 4096 577 1652273306 516798 1652273306 517375
32 4096 567 1652273307 517794 1652273307 518361
32 4096 579 1652273308 518781 1652273308 519360
32 4096 575 1652273309 519759 1652273309 520334
32 4096 563 1652273310 520737 1652273310 521300
32 4096 591 1652273311 521703 1652273311 522294
32 4096 572 1652273312 522705 1652273312 523277
32 4096 573 1652273313 523660 1652273313 524233
