32 4096 606 1652273293 503415 1652273293 504021
32 4096 615 1652273294 504499 1652273294 505114
32 4096 604 1652273295 505492 1652273295 506096
32 4096 640 1652273296 506489 1652273296 507129
32 4096 631 1652273297 507537 1652273297 508168
32 4096 606 1652273298 508555 1652273298 509161
32 4096 615 1652273299 509537 1652273299 510152
32 4096 632 1652273300 510536 1652273300 511168
32 4096 627 1652273301 511567 1652273301 512194
32 4096 613 1652273302 512577 1652273302 513190
32 4096 632 1652273303 513570 1652273303 514202
32 4096 663 1652273304 514606 1652273304 515269
32 4096 646 1652273305 515696 1652273305 516342
32 4096 623 1652273306 516748 1652273306 517371
32 4096 614 1652273307 517744 1652273307 518358
32 4096 615 1652273308 518741 1652273308 519356
32 4096 612 1652273309 519719 1652273309 520331
32 4096 603 1652273310 520693 1652273310 521296
32 4096 623 1652273311 521667 1652273311 522290
32 4096 606 1652273312 522667 1652273312 523273
32 4096 604 1652273313 523625 1652273313 524229
