32 4096 579 1652273293 503445 1652273293 504024
32 4096 587 1652273294 504529 1652273294 505116
32 4096 582 1652273295 505516 1652273295 506098
32 4096 603 1652273296 506528 1652273296 507131
32 4096 598 1652273297 507572 1652273297 508170
32 4096 579 1652273298 508585 1652273298 509164
32 4096 593 1652273299 509561 1652273299 510154
32 4096 597 1652273300 510573 1652273300 511170
32 4096 595 1652273301 511601 1652273301 512196
32 4096 588 1652273302 512605 1652273302 513193
32 4096 595 1652273303 513609 1652273303 514204
32 4096 623 1652273304 514648 1652273304 515271
32 4096 606 1652273305 515738 1652273305 516344
32 4096 592 1652273306 516782 1652273306 517374
32 4096 582 1652273307 517778 1652273307 518360
32 4096 590 1652273308 518768 1652273308 519358
32 4096 587 1652273309 519746 1652273309 520333
32 4096 578 1652273310 520720 1652273310 521298
32 4096 602 1652273311 521691 1652273311 522293
32 4096 582 1652273312 522693 1652273312 523275
32 4096 584 1652273313 523648 1652273313 524232
