1 4096 1 1652273182 182314 1652273182 182315
2 4096 1 1652273182 182315 1652273182 182316
3 4096 2 1652273182 182316 1652273182 182318
5 4096 2 1652273182 182318 1652273182 182320
9 4096 3 1652273182 182320 1652273182 182323
10 4096 3 1652273182 182324 1652273182 182327
12 4096 5 1652273182 182327 1652273182 182332
10 4096 4 1652273182 182332 1652273182 182336
5 4096 3 1652273182 182336 1652273182 182339
6 4096 2 1652273182 182339 1652273182 182341
5 4096 3 1652273182 182341 1652273182 182344
8 4096 3 1652273182 182344 1652273182 182347
15 4096 4 1652273182 182347 1652273182 182351
13 4096 6 1652273182 182351 1652273182 182357
4 4096 3 1652273182 182357 1652273182 182360
5 4096 2 1652273182 182360 1652273182 182362
6 4096 3 1652273182 182362 1652273182 182365
8 4096 2 1652273182 182365 1652273182 182367
9 4096 3 1652273182 182367 1652273182 182370
11 4096 4 1652273182 182370 1652273182 182374
7 4096 3 1652273182 182374 1652273182 182377
8 4096 3 1652273182 182377 1652273182 182380
7 4096 3 1652273182 182380 1652273182 182383
6 4096 3 1652273182 182383 1652273182 182386
8 4096 2 1652273182 182386 1652273182 182388
7 4096 3 1652273182 182388 1652273182 182391
7 4096 3 1652273182 182391 1652273182 182394
8 4096 2 1652273182 182394 1652273182 182396
6 4096 3 1652273182 182396 1652273182 182399
7 4096 2 1652273182 182399 1652273182 182401
5 4096 2 1652273182 182401 1652273182 182403
2 4096 1 1652273182 182404 1652273182 182405
3 4096 1 1652273182 182405 1652273182 182406
4 4096 2 1652273182 182406 1652273182 182408
2 4096 1 1652273182 182408 1652273182 182409
2 4096 1 1652273182 182409 1652273182 182410
1 4096 1 1652273182 182412 1652273182 182413
1 4096 2 1652273182 182413 1652273182 182415
1 4096 0 1652273182 182418 1652273182 182418
1 4096 2 1652273182 182418 1652273182 182420
2 4096 1 1652273182 182420 1652273182 182421
1 4096 1 1652273182 182421 1652273182 182422
1 4096 1 1652273182 182423 1652273182 182424
1 4096 1 1652273182 182425 1652273182 182426
1 4096 1 1652273182 182426 1652273182 182427
1 4096 1 1652273182 182430 1652273182 182431
1 4096 1 1652273182 182431 1652273182 182432
1 4096 1 1652273182 182432 1652273182 182433
1 4096 1 1652273182 182433 1652273182 182434
1 4096 1 1652273182 182434 1652273182 182435
1 4096 1 1652273182 182435 1652273182 182436
1 4096 1 1652273182 182437 1652273182 182438
1 4096 1 1652273182 182439 1652273182 182440
1 4096 1 1652273182 182442 1652273182 182443
1 4096 1 1652273182 182444 1652273182 182445
0 4096 1 1652273182 182444 1652273182 182445
1 4096 1 1652273183 182722 1652273183 182723
4 4096 2 1652273183 182723 1652273183 182725
6 4096 3 1652273183 182725 1652273183 182728
9 4096 3 1652273183 182728 1652273183 182731
10 4096 4 1652273183 182731 1652273183 182735
11 4096 4 1652273183 182735 1652273183 182739
9 4096 3 1652273183 182739 1652273183 182742
8 4096 3 1652273183 182743 1652273183 182746
6 4096 3 1652273183 182746 1652273183 182749
8 4096 2 1652273183 182749 1652273183 182751
8 4096 3 1652273183 182751 1652273183 182754
13 4096 4 1652273183 182754 1652273183 182758
8 4096 3 1652273183 182758 1652273183 182761
5 4096 3 1652273183 182761 1652273183 182764
6 4096 3 1652273183 182764 1652273183 182767
9 4096 2 1652273183 182767 1652273183 182769
7 4096 3 1652273183 182769 1652273183 182772
11 4096 3 1652273183 182772 1652273183 182775
14 4096 7 1652273183 182775 1652273183 182782
11 4096 4 1652273183 182782 1652273183 182786
5 4096 3 1652273183 182786 1652273183 182789
4 4096 2 1652273183 182789 1652273183 182791
8 4096 3 1652273183 182791 1652273183 182794
9 4096 3 1652273183 182794 1652273183 182797
14 4096 4 1652273183 182797 1652273183 182801
9 4096 4 1652273183 182801 1652273183 182805
6 4096 2 1652273183 182805 1652273183 182807
2 4096 1 1652273183 182807 1652273183 182808
2 4096 2 1652273183 182808 1652273183 182810
2 4096 1 1652273183 182810 1652273183 182811
1 4096 1 1652273183 182811 1652273183 182812
3 4096 1 1652273183 182812 1652273183 182813
2 4096 1 1652273183 182814 1652273183 182815
3 4096 1 1652273183 182815 1652273183 182816
2 4096 1 1652273183 182818 1652273183 182819
1 4096 1 1652273183 182819 1652273183 182820
2 4096 1 1652273183 182820 1652273183 182821
1 4096 1 1652273183 182824 1652273183 182825
1 4096 1 1652273183 182828 1652273183 182829
1 4096 1 1652273183 182829 1652273183 182830
1 4096 1 1652273183 182830 1652273183 182831
1 4096 1 1652273183 182831 1652273183 182832
1 4096 2 1652273183 182832 1652273183 182834
2 4096 1 1652273183 182834 1652273183 182835
1 4096 1 1652273183 182836 1652273183 182837
1 4096 1 1652273183 182840 1652273183 182841
1 4096 1 1652273183 182841 1652273183 182842
1 4096 1 1652273183 182843 1652273183 182844
1 4096 1 1652273183 182844 1652273183 182845
1 4096 1 1652273183 182846 1652273183 182847
2 4096 1 1652273183 182847 1652273183 182848
1 4096 1 1652273183 182849 1652273183 182850
0 4096 1 1652273183 182849 1652273183 182850
1 4096 1 1652273184 183095 1652273184 183096
1 4096 1 1652273184 183096 1652273184 183097
3 4096 1 1652273184 183097 1652273184 183098
4 4096 2 1652273184 183098 1652273184 183100
7 4096 2 1652273184 183101 1652273184 183103
10 4096 4 1652273184 183103 1652273184 183107
16 4096 5 1652273184 183107 1652273184 183112
9 4096 4 1652273184 183112 1652273184 183116
4 4096 3 1652273184 183116 1652273184 183119
3 4096 2 1652273184 183119 1652273184 183121
6 4096 2 1652273184 183121 1652273184 183123
7 4096 3 1652273184 183123 1652273184 183126
12 4096 3 1652273184 183126 1652273184 183129
13 4096 6 1652273184 183129 1652273184 183135
7 4096 3 1652273184 183135 1652273184 183138
5 4096 3 1652273184 183138 1652273184 183141
9 4096 2 1652273184 183141 1652273184 183143
9 4096 3 1652273184 183144 1652273184 183147
10 4096 3 1652273184 183147 1652273184 183150
9 4096 4 1652273184 183150 1652273184 183154
8 4096 3 1652273184 183154 1652273184 183157
8 4096 3 1652273184 183157 1652273184 183160
9 4096 3 1652273184 183160 1652273184 183163
10 4096 3 1652273184 183163 1652273184 183166
8 4096 4 1652273184 183166 1652273184 183170
9 4096 3 1652273184 183170 1652273184 183173
9 4096 3 1652273184 183173 1652273184 183176
9 4096 3 1652273184 183176 1652273184 183179
5 4096 2 1652273184 183179 1652273184 183181
4 4096 1 1652273184 183181 1652273184 183182
1 4096 1 1652273184 183182 1652273184 183183
4 4096 1 1652273184 183183 1652273184 183184
2 4096 2 1652273184 183184 1652273184 183186
3 4096 1 1652273184 183186 1652273184 183187
1 4096 1 1652273184 183187 1652273184 183188
1 4096 1 1652273184 183189 1652273184 183190
1 4096 1 1652273184 183190 1652273184 183191
1 4096 1 1652273184 183191 1652273184 183192
2 4096 1 1652273184 183194 1652273184 183195
1 4096 1 1652273184 183196 1652273184 183197
2 4096 1 1652273184 183198 1652273184 183199
1 4096 1 1652273184 183201 1652273184 183202
1 4096 2 1652273184 183202 1652273184 183204
1 4096 1 1652273184 183204 1652273184 183205
2 4096 1 1652273184 183206 1652273184 183207
1 4096 1 1652273184 183208 1652273184 183209
1 4096 1 1652273184 183210 1652273184 183211
1 4096 1 1652273184 183211 1652273184 183212
2 4096 6 1652273184 183213 1652273184 183219
3 4096 1 1652273184 183219 1652273184 183220
0 4096 1 1652273184 183219 1652273184 183220
1 4096 1 1652273185 183459 1652273185 183460
1 4096 1 1652273185 183460 1652273185 183461
3 4096 1 1652273185 183461 1652273185 183462
4 4096 2 1652273185 183462 1652273185 183464
5 4096 2 1652273185 183464 1652273185 183466
9 4096 3 1652273185 183466 1652273185 183469
7 4096 3 1652273185 183469 1652273185 183472
8 4096 2 1652273185 183472 1652273185 183474
8 4096 3 1652273185 183474 1652273185 183477
6 4096 3 1652273185 183477 1652273185 183480
8 4096 3 1652273185 183480 1652273185 183483
6 4096 3 1652273185 183483 1652273185 183486
9 4096 3 1652273185 183486 1652273185 183489
9 4096 3 1652273185 183489 1652273185 183492
10 4096 3 1652273185 183492 1652273185 183495
7 4096 3 1652273185 183495 1652273185 183498
8 4096 3 1652273185 183498 1652273185 183501
9 4096 3 1652273185 183501 1652273185 183504
12 4096 4 1652273185 183504 1652273185 183508
12 4096 3 1652273185 183509 1652273185 183512
6 4096 4 1652273185 183512 1652273185 183516
6 4096 2 1652273185 183516 1652273185 183518
7 4096 3 1652273185 183518 1652273185 183521
11 4096 3 1652273185 183521 1652273185 183524
10 4096 3 1652273185 183524 1652273185 183527
8 4096 4 1652273185 183527 1652273185 183531
7 4096 3 1652273185 183531 1652273185 183534
7 4096 2 1652273185 183534 1652273185 183536
5 4096 2 1652273185 183536 1652273185 183538
6 4096 3 1652273185 183538 1652273185 183541
7 4096 2 1652273185 183541 1652273185 183543
6 4096 2 1652273185 183543 1652273185 183545
2 4096 2 1652273185 183545 1652273185 183547
1 4096 1 1652273185 183547 1652273185 183548
2 4096 1 1652273185 183548 1652273185 183549
2 4096 1 1652273185 183549 1652273185 183550
1 4096 2 1652273185 183550 1652273185 183552
1 4096 1 1652273185 183552 1652273185 183553
1 4096 1 1652273185 183553 1652273185 183554
1 4096 1 1652273185 183555 1652273185 183556
1 4096 1 1652273185 183556 1652273185 183557
2 4096 1 1652273185 183557 1652273185 183558
1 4096 1 1652273185 183561 1652273185 183562
1 4096 1 1652273185 183562 1652273185 183563
1 4096 1 1652273185 183563 1652273185 183564
1 4096 1 1652273185 183565 1652273185 183566
1 4096 0 1652273185 183568 1652273185 183568
1 4096 2 1652273185 183568 1652273185 183570
2 4096 1 1652273185 183570 1652273185 183571
1 4096 1 1652273185 183574 1652273185 183575
1 4096 0 1652273185 183575 1652273185 183575
1 4096 1 1652273185 183575 1652273185 183576
1 4096 1 1652273185 183577 1652273185 183578
1 4096 1 1652273185 183580 1652273185 183581
1 4096 1 1652273185 183581 1652273185 183582
0 4096 1 1652273185 183581 1652273185 183582
1 4096 1 1652273186 183860 1652273186 183861
1 4096 1 1652273186 183861 1652273186 183862
1 4096 1 1652273186 183862 1652273186 183863
2 4096 2 1652273186 183863 1652273186 183865
4 4096 1 1652273186 183865 1652273186 183866
6 4096 3 1652273186 183866 1652273186 183869
8 4096 2 1652273186 183869 1652273186 183871
11 4096 4 1652273186 183871 1652273186 183875
11 4096 4 1652273186 183875 1652273186 183879
7 4096 3 1652273186 183879 1652273186 183882
6 4096 3 1652273186 183882 1652273186 183885
7 4096 3 1652273186 183885 1652273186 183888
9 4096 3 1652273186 183888 1652273186 183891
12 4096 4 1652273186 183891 1652273186 183895
11 4096 4 1652273186 183895 1652273186 183899
8 4096 3 1652273186 183899 1652273186 183902
8 4096 3 1652273186 183902 1652273186 183905
7 4096 3 1652273186 183905 1652273186 183908
10 4096 3 1652273186 183908 1652273186 183911
9 4096 4 1652273186 183911 1652273186 183915
10 4096 3 1652273186 183915 1652273186 183918
14 4096 5 1652273186 183918 1652273186 183923
5 4096 4 1652273186 183923 1652273186 183927
7 4096 2 1652273186 183927 1652273186 183929
6 4096 3 1652273186 183929 1652273186 183932
7 4096 2 1652273186 183932 1652273186 183934
7 4096 3 1652273186 183934 1652273186 183937
9 4096 3 1652273186 183937 1652273186 183940
10 4096 3 1652273186 183940 1652273186 183943
5 4096 2 1652273186 183943 1652273186 183945
4 4096 1 1652273186 183945 1652273186 183946
1 4096 1 1652273186 183946 1652273186 183947
5 4096 1 1652273186 183948 1652273186 183949
1 4096 1 1652273186 183949 1652273186 183950
2 4096 1 1652273186 183950 1652273186 183951
3 4096 1 1652273186 183951 1652273186 183952
1 4096 1 1652273186 183952 1652273186 183953
1 4096 1 1652273186 183955 1652273186 183956
1 4096 1 1652273186 183956 1652273186 183957
1 4096 1 1652273186 183957 1652273186 183958
1 4096 1 1652273186 183958 1652273186 183959
1 4096 1 1652273186 183960 1652273186 183961
1 4096 1 1652273186 183962 1652273186 183963
1 4096 2 1652273186 183963 1652273186 183965
1 4096 1 1652273186 183965 1652273186 183966
1 4096 1 1652273186 183967 1652273186 183968
1 4096 1 1652273186 183968 1652273186 183969
1 4096 1 1652273186 183969 1652273186 183970
1 4096 1 1652273186 183970 1652273186 183971
1 4096 0 1652273186 183973 1652273186 183973
1 4096 1 1652273186 183975 1652273186 183976
1 4096 1 1652273186 183976 1652273186 183977
1 4096 1 1652273186 183977 1652273186 183978
1 4096 1 1652273186 183979 1652273186 183980
1 4096 1 1652273186 183981 1652273186 183982
1 4096 1 1652273186 183983 1652273186 183984
1 4096 1 1652273186 183985 1652273186 183986
0 4096 1 1652273186 183985 1652273186 183986
1 4096 1 1652273187 184246 1652273187 184247
1 4096 1 1652273187 184247 1652273187 184248
1 4096 1 1652273187 184249 1652273187 184250
2 4096 1 1652273187 184250 1652273187 184251
5 4096 2 1652273187 184251 1652273187 184253
4 4096 2 1652273187 184253 1652273187 184255
7 4096 2 1652273187 184255 1652273187 184257
8 4096 3 1652273187 184257 1652273187 184260
8 4096 3 1652273187 184260 1652273187 184263
8 4096 3 1652273187 184263 1652273187 184266
9 4096 3 1652273187 184266 1652273187 184269
6 4096 3 1652273187 184269 1652273187 184272
7 4096 3 1652273187 184272 1652273187 184275
6 4096 3 1652273187 184275 1652273187 184278
9 4096 2 1652273187 184278 1652273187 184280
9 4096 4 1652273187 184280 1652273187 184284
9 4096 3 1652273187 184284 1652273187 184287
9 4096 3 1652273187 184287 1652273187 184290
9 4096 4 1652273187 184290 1652273187 184294
9 4096 3 1652273187 184294 1652273187 184297
9 4096 3 1652273187 184297 1652273187 184300
10 4096 4 1652273187 184300 1652273187 184304
9 4096 3 1652273187 184304 1652273187 184307
9 4096 4 1652273187 184307 1652273187 184311
8 4096 3 1652273187 184311 1652273187 184314
11 4096 3 1652273187 184314 1652273187 184317
8 4096 4 1652273187 184317 1652273187 184321
10 4096 3 1652273187 184321 1652273187 184324
9 4096 3 1652273187 184324 1652273187 184327
7 4096 2 1652273187 184328 1652273187 184330
3 4096 2 1652273187 184330 1652273187 184332
5 4096 1 1652273187 184332 1652273187 184333
4 4096 2 1652273187 184333 1652273187 184335
2 4096 1 1652273187 184335 1652273187 184336
1 4096 1 1652273187 184336 1652273187 184337
1 4096 1 1652273187 184337 1652273187 184338
2 4096 1 1652273187 184338 1652273187 184339
1 4096 2 1652273187 184339 1652273187 184341
2 4096 1 1652273187 184342 1652273187 184343
1 4096 0 1652273187 184345 1652273187 184345
1 4096 2 1652273187 184345 1652273187 184347
1 4096 1 1652273187 184347 1652273187 184348
1 4096 1 1652273187 184350 1652273187 184351
1 4096 1 1652273187 184351 1652273187 184352
1 4096 1 1652273187 184352 1652273187 184353
1 4096 1 1652273187 184354 1652273187 184355
1 4096 2 1652273187 184355 1652273187 184357
1 4096 1 1652273187 184357 1652273187 184358
1 4096 1 1652273187 184358 1652273187 184359
1 4096 2 1652273187 184359 1652273187 184361
1 4096 1 1652273187 184362 1652273187 184363
1 4096 1 1652273187 184363 1652273187 184364
1 4096 1 1652273187 184365 1652273187 184366
1 4096 1 1652273187 184367 1652273187 184368
1 4096 1 1652273187 184368 1652273187 184369
1 4096 0 1652273187 184370 1652273187 184370
1 4096 0 1652273187 184371 1652273187 184371
0 4096 0 1652273187 184371 1652273187 184371
1 4096 1 1652273188 184644 1652273188 184645
1 4096 1 1652273188 184645 1652273188 184646
2 4096 1 1652273188 184647 1652273188 184648
4 4096 2 1652273188 184648 1652273188 184650
6 4096 3 1652273188 184650 1652273188 184653
14 4096 3 1652273188 184653 1652273188 184656
13 4096 5 1652273188 184656 1652273188 184661
7 4096 4 1652273188 184661 1652273188 184665
6 4096 3 1652273188 184665 1652273188 184668
7 4096 2 1652273188 184668 1652273188 184670
6 4096 3 1652273188 184670 1652273188 184673
9 4096 3 1652273188 184673 1652273188 184676
10 4096 3 1652273188 184676 1652273188 184679
9 4096 3 1652273188 184679 1652273188 184682
7 4096 4 1652273188 184682 1652273188 184686
9 4096 3 1652273188 184686 1652273188 184689
11 4096 3 1652273188 184689 1652273188 184692
9 4096 3 1652273188 184692 1652273188 184695
8 4096 3 1652273188 184696 1652273188 184699
8 4096 3 1652273188 184699 1652273188 184702
10 4096 3 1652273188 184702 1652273188 184705
10 4096 3 1652273188 184705 1652273188 184708
8 4096 4 1652273188 184708 1652273188 184712
10 4096 3 1652273188 184712 1652273188 184715
8 4096 3 1652273188 184715 1652273188 184718
10 4096 3 1652273188 184719 1652273188 184722
8 4096 2 1652273188 184722 1652273188 184724
4 4096 2 1652273188 184724 1652273188 184726
5 4096 2 1652273188 184726 1652273188 184728
2 4096 1 1652273188 184728 1652273188 184729
5 4096 1 1652273188 184729 1652273188 184730
3 4096 2 1652273188 184730 1652273188 184732
1 4096 1 1652273188 184733 1652273188 184734
3 4096 1 1652273188 184734 1652273188 184735
3 4096 1 1652273188 184737 1652273188 184738
1 4096 1 1652273188 184738 1652273188 184739
1 4096 1 1652273188 184739 1652273188 184740
2 4096 1 1652273188 184742 1652273188 184743
1 4096 0 1652273188 184747 1652273188 184747
1 4096 2 1652273188 184747 1652273188 184749
1 4096 1 1652273188 184749 1652273188 184750
1 4096 1 1652273188 184750 1652273188 184751
1 4096 1 1652273188 184751 1652273188 184752
1 4096 2 1652273188 184752 1652273188 184754
1 4096 1 1652273188 184755 1652273188 184756
1 4096 1 1652273188 184756 1652273188 184757
1 4096 0 1652273188 184759 1652273188 184759
1 4096 1 1652273188 184760 1652273188 184761
1 4096 1 1652273188 184761 1652273188 184762
1 4096 1 1652273188 184763 1652273188 184764
1 4096 1 1652273188 184764 1652273188 184765
1 4096 1 1652273188 184765 1652273188 184766
1 4096 1 1652273188 184768 1652273188 184769
0 4096 1 1652273188 184768 1652273188 184769
1 4096 1 1652273189 185014 1652273189 185015
2 4096 1 1652273189 185015 1652273189 185016
3 4096 2 1652273189 185016 1652273189 185018
4 4096 2 1652273189 185018 1652273189 185020
6 4096 2 1652273189 185020 1652273189 185022
8 4096 3 1652273189 185022 1652273189 185025
8 4096 3 1652273189 185025 1652273189 185028
11 4096 3 1652273189 185028 1652273189 185031
10 4096 4 1652273189 185031 1652273189 185035
6 4096 3 1652273189 185035 1652273189 185038
8 4096 3 1652273189 185038 1652273189 185041
8 4096 3 1652273189 185041 1652273189 185044
10 4096 3 1652273189 185044 1652273189 185047
11 4096 3 1652273189 185047 1652273189 185050
6 4096 3 1652273189 185050 1652273189 185053
6 4096 3 1652273189 185053 1652273189 185056
10 4096 3 1652273189 185056 1652273189 185059
8 4096 3 1652273189 185059 1652273189 185062
8 4096 3 1652273189 185062 1652273189 185065
7 4096 3 1652273189 185065 1652273189 185068
8 4096 3 1652273189 185068 1652273189 185071
7 4096 2 1652273189 185071 1652273189 185073
10 4096 3 1652273189 185073 1652273189 185076
8 4096 3 1652273189 185077 1652273189 185080
9 4096 3 1652273189 185080 1652273189 185083
15 4096 6 1652273189 185083 1652273189 185089
12 4096 4 1652273189 185089 1652273189 185093
3 4096 3 1652273189 185093 1652273189 185096
4 4096 1 1652273189 185096 1652273189 185097
3 4096 2 1652273189 185097 1652273189 185099
2 4096 1 1652273189 185099 1652273189 185100
5 4096 1 1652273189 185100 1652273189 185101
3 4096 1 1652273189 185103 1652273189 185104
2 4096 1 1652273189 185104 1652273189 185105
3 4096 1 1652273189 185105 1652273189 185106
1 4096 2 1652273189 185106 1652273189 185108
1 4096 1 1652273189 185108 1652273189 185109
1 4096 1 1652273189 185111 1652273189 185112
1 4096 2 1652273189 185112 1652273189 185114
1 4096 0 1652273189 185116 1652273189 185116
1 4096 1 1652273189 185117 1652273189 185118
2 4096 1 1652273189 185118 1652273189 185119
2 4096 1 1652273189 185120 1652273189 185121
1 4096 1 1652273189 185124 1652273189 185125
1 4096 1 1652273189 185125 1652273189 185126
1 4096 1 1652273189 185128 1652273189 185129
1 4096 1 1652273189 185129 1652273189 185130
1 4096 1 1652273189 185130 1652273189 185131
1 4096 1 1652273189 185131 1652273189 185132
2 4096 1 1652273189 185133 1652273189 185134
1 4096 1 1652273189 185136 1652273189 185137
1 4096 1 1652273189 185137 1652273189 185138
1 4096 1 1652273189 185141 1652273189 185142
0 4096 1 1652273189 185141 1652273189 185142
1 4096 1 1652273190 185407 1652273190 185408
3 4096 1 1652273190 185409 1652273190 185410
4 4096 2 1652273190 185410 1652273190 185412
6 4096 3 1652273190 185412 1652273190 185415
13 4096 5 1652273190 185415 1652273190 185420
12 4096 4 1652273190 185420 1652273190 185424
12 4096 6 1652273190 185424 1652273190 185430
6 4096 3 1652273190 185430 1652273190 185433
8 4096 2 1652273190 185433 1652273190 185435
4 4096 3 1652273190 185435 1652273190 185438
5 4096 2 1652273190 185438 1652273190 185440
11 4096 3 1652273190 185440 1652273190 185443
9 4096 4 1652273190 185443 1652273190 185447
9 4096 3 1652273190 185447 1652273190 185450
8 4096 4 1652273190 185450 1652273190 185454
9 4096 3 1652273190 185454 1652273190 185457
8 4096 3 1652273190 185457 1652273190 185460
11 4096 3 1652273190 185460 1652273190 185463
7 4096 3 1652273190 185463 1652273190 185466
10 4096 3 1652273190 185466 1652273190 185469
8 4096 3 1652273190 185469 1652273190 185472
9 4096 3 1652273190 185473 1652273190 185476
10 4096 3 1652273190 185476 1652273190 185479
9 4096 3 1652273190 185479 1652273190 185482
9 4096 4 1652273190 185482 1652273190 185486
8 4096 2 1652273190 185486 1652273190 185488
5 4096 2 1652273190 185488 1652273190 185490
5 4096 2 1652273190 185490 1652273190 185492
5 4096 1 1652273190 185492 1652273190 185493
3 4096 2 1652273190 185493 1652273190 185495
1 4096 1 1652273190 185495 1652273190 185496
4 4096 1 1652273190 185496 1652273190 185497
1 4096 1 1652273190 185497 1652273190 185498
1 4096 0 1652273190 185499 1652273190 185499
1 4096 1 1652273190 185500 1652273190 185501
1 4096 1 1652273190 185501 1652273190 185502
1 4096 1 1652273190 185502 1652273190 185503
1 4096 1 1652273190 185503 1652273190 185504
2 4096 1 1652273190 185505 1652273190 185506
2 4096 1 1652273190 185509 1652273190 185510
1 4096 1 1652273190 185511 1652273190 185512
1 4096 1 1652273190 185513 1652273190 185514
1 4096 1 1652273190 185514 1652273190 185515
1 4096 1 1652273190 185516 1652273190 185517
2 4096 1 1652273190 185519 1652273190 185520
1 4096 1 1652273190 185521 1652273190 185522
1 4096 1 1652273190 185522 1652273190 185523
1 4096 1 1652273190 185523 1652273190 185524
1 4096 1 1652273190 185526 1652273190 185527
1 4096 1 1652273190 185527 1652273190 185528
1 4096 1 1652273190 185528 1652273190 185529
1 4096 1 1652273190 185531 1652273190 185532
1 4096 1 1652273190 185532 1652273190 185533
0 4096 1 1652273190 185532 1652273190 185533
1 4096 1 1652273191 185780 1652273191 185781
1 4096 1 1652273191 185781 1652273191 185782
2 4096 1 1652273191 185783 1652273191 185784
6 4096 2 1652273191 185784 1652273191 185786
7 4096 2 1652273191 185786 1652273191 185788
12 4096 3 1652273191 185789 1652273191 185792
4 4096 3 1652273191 185792 1652273191 185795
8 4096 2 1652273191 185795 1652273191 185797
10 4096 3 1652273191 185797 1652273191 185800
7 4096 3 1652273191 185800 1652273191 185803
7 4096 3 1652273191 185803 1652273191 185806
5 4096 3 1652273191 185806 1652273191 185809
7 4096 2 1652273191 185809 1652273191 185811
8 4096 3 1652273191 185811 1652273191 185814
8 4096 3 1652273191 185814 1652273191 185817
8 4096 3 1652273191 185817 1652273191 185820
8 4096 3 1652273191 185820 1652273191 185823
7 4096 3 1652273191 185823 1652273191 185826
9 4096 3 1652273191 185826 1652273191 185829
11 4096 4 1652273191 185829 1652273191 185833
9 4096 3 1652273191 185833 1652273191 185836
7 4096 4 1652273191 185836 1652273191 185840
9 4096 2 1652273191 185840 1652273191 185842
10 4096 4 1652273191 185842 1652273191 185846
9 4096 3 1652273191 185846 1652273191 185849
9 4096 3 1652273191 185849 1652273191 185852
8 4096 4 1652273191 185852 1652273191 185856
10 4096 3 1652273191 185856 1652273191 185859
9 4096 3 1652273191 185859 1652273191 185862
7 4096 2 1652273191 185862 1652273191 185864
3 4096 2 1652273191 185864 1652273191 185866
6 4096 1 1652273191 185866 1652273191 185867
1 4096 1 1652273191 185869 1652273191 185870
1 4096 1 1652273191 185870 1652273191 185871
1 4096 1 1652273191 185872 1652273191 185873
1 4096 1 1652273191 185873 1652273191 185874
2 4096 1 1652273191 185874 1652273191 185875
1 4096 2 1652273191 185875 1652273191 185877
1 4096 1 1652273191 185877 1652273191 185878
1 4096 1 1652273191 185879 1652273191 185880
1 4096 1 1652273191 185881 1652273191 185882
1 4096 1 1652273191 185884 1652273191 185885
1 4096 2 1652273191 185885 1652273191 185887
1 4096 1 1652273191 185887 1652273191 185888
1 4096 1 1652273191 185888 1652273191 185889
2 4096 1 1652273191 185889 1652273191 185890
1 4096 1 1652273191 185892 1652273191 185893
1 4096 1 1652273191 185894 1652273191 185895
1 4096 1 1652273191 185896 1652273191 185897
1 4096 1 1652273191 185898 1652273191 185899
1 4096 1 1652273191 185899 1652273191 185900
1 4096 1 1652273191 185901 1652273191 185902
1 4096 1 1652273191 185902 1652273191 185903
1 4096 1 1652273191 185903 1652273191 185904
0 4096 1 1652273191 185903 1652273191 185904
1 4096 0 1652273192 186169 1652273192 186169
1 4096 2 1652273192 186169 1652273192 186171
1 4096 1 1652273192 186171 1652273192 186172
4 4096 2 1652273192 186172 1652273192 186174
7 4096 2 1652273192 186174 1652273192 186176
14 4096 4 1652273192 186177 1652273192 186181
11 4096 5 1652273192 186181 1652273192 186186
8 4096 3 1652273192 186186 1652273192 186189
7 4096 3 1652273192 186189 1652273192 186192
6 4096 3 1652273192 186192 1652273192 186195
6 4096 2 1652273192 186195 1652273192 186197
6 4096 3 1652273192 186197 1652273192 186200
9 4096 3 1652273192 186200 1652273192 186203
10 4096 3 1652273192 186203 1652273192 186206
10 4096 4 1652273192 186206 1652273192 186210
8 4096 3 1652273192 186210 1652273192 186213
20 4096 8 1652273192 186213 1652273192 186221
10 4096 4 1652273192 186221 1652273192 186225
1 4096 3 1652273192 186225 1652273192 186228
2 4096 2 1652273192 186228 1652273192 186230
4 4096 1 1652273192 186230 1652273192 186231
7 4096 2 1652273192 186231 1652273192 186233
7 4096 3 1652273192 186233 1652273192 186236
11 4096 3 1652273192 186236 1652273192 186239
12 4096 4 1652273192 186239 1652273192 186243
8 4096 4 1652273192 186243 1652273192 186247
7 4096 2 1652273192 186247 1652273192 186249
8 4096 3 1652273192 186249 1652273192 186252
5 4096 2 1652273192 186252 1652273192 186254
6 4096 2 1652273192 186254 1652273192 186256
2 4096 1 1652273192 186256 1652273192 186257
6 4096 2 1652273192 186257 1652273192 186259
4 4096 1 1652273192 186259 1652273192 186260
2 4096 2 1652273192 186260 1652273192 186262
1 4096 1 1652273192 186262 1652273192 186263
1 4096 1 1652273192 186263 1652273192 186264
1 4096 1 1652273192 186264 1652273192 186265
2 4096 1 1652273192 186266 1652273192 186267
2 4096 1 1652273192 186270 1652273192 186271
1 4096 2 1652273192 186271 1652273192 186273
1 4096 1 1652273192 186273 1652273192 186274
1 4096 1 1652273192 186274 1652273192 186275
1 4096 0 1652273192 186277 1652273192 186277
1 4096 1 1652273192 186279 1652273192 186280
1 4096 1 1652273192 186280 1652273192 186281
1 4096 1 1652273192 186283 1652273192 186284
1 4096 1 1652273192 186284 1652273192 186285
1 4096 1 1652273192 186285 1652273192 186286
1 4096 1 1652273192 186286 1652273192 186287
1 4096 2 1652273192 186287 1652273192 186289
1 4096 0 1652273192 186289 1652273192 186289
1 4096 1 1652273192 186291 1652273192 186292
1 4096 1 1652273192 186292 1652273192 186293
1 4096 0 1652273192 186296 1652273192 186296
1 4096 0 1652273192 186297 1652273192 186297
1 4096 1 1652273192 186298 1652273192 186299
1 4096 1 1652273192 186299 1652273192 186300
0 4096 1 1652273192 186299 1652273192 186300
1 4096 1 1652273193 186556 1652273193 186557
3 4096 2 1652273193 186557 1652273193 186559
5 4096 2 1652273193 186559 1652273193 186561
6 4096 2 1652273193 186561 1652273193 186563
10 4096 4 1652273193 186563 1652273193 186567
14 4096 4 1652273193 186567 1652273193 186571
11 4096 5 1652273193 186571 1652273193 186576
7 4096 3 1652273193 186576 1652273193 186579
7 4096 3 1652273193 186579 1652273193 186582
8 4096 3 1652273193 186582 1652273193 186585
8 4096 3 1652273193 186585 1652273193 186588
12 4096 3 1652273193 186589 1652273193 186592
8 4096 4 1652273193 186592 1652273193 186596
10 4096 3 1652273193 186596 1652273193 186599
7 4096 3 1652273193 186599 1652273193 186602
9 4096 3 1652273193 186602 1652273193 186605
9 4096 3 1652273193 186605 1652273193 186608
9 4096 3 1652273193 186609 1652273193 186612
11 4096 3 1652273193 186612 1652273193 186615
8 4096 4 1652273193 186615 1652273193 186619
7 4096 3 1652273193 186619 1652273193 186622
9 4096 3 1652273193 186622 1652273193 186625
8 4096 3 1652273193 186625 1652273193 186628
11 4096 3 1652273193 186628 1652273193 186631
8 4096 4 1652273193 186631 1652273193 186635
6 4096 2 1652273193 186635 1652273193 186637
2 4096 2 1652273193 186637 1652273193 186639
5 4096 1 1652273193 186639 1652273193 186640
5 4096 2 1652273193 186640 1652273193 186642
4 4096 2 1652273193 186642 1652273193 186644
1 4096 1 1652273193 186644 1652273193 186645
4 4096 1 1652273193 186645 1652273193 186646
1 4096 2 1652273193 186646 1652273193 186648
1 4096 1 1652273193 186649 1652273193 186650
1 4096 1 1652273193 186650 1652273193 186651
2 4096 1 1652273193 186652 1652273193 186653
1 4096 2 1652273193 186653 1652273193 186655
1 4096 1 1652273193 186655 1652273193 186656
2 4096 1 1652273193 186658 1652273193 186659
1 4096 1 1652273193 186661 1652273193 186662
1 4096 1 1652273193 186662 1652273193 186663
2 4096 1 1652273193 186665 1652273193 186666
2 4096 2 1652273193 186666 1652273193 186668
2 4096 1 1652273193 186670 1652273193 186671
1 4096 1 1652273193 186674 1652273193 186675
1 4096 1 1652273193 186675 1652273193 186676
1 4096 1 1652273193 186678 1652273193 186679
1 4096 0 1652273193 186679 1652273193 186679
1 4096 1 1652273193 186679 1652273193 186680
1 4096 1 1652273193 186680 1652273193 186681
0 4096 1 1652273193 186680 1652273193 186681
1 4096 1 1652273194 186930 1652273194 186931
3 4096 2 1652273194 186931 1652273194 186933
5 4096 2 1652273194 186933 1652273194 186935
7 4096 3 1652273194 186935 1652273194 186938
13 4096 4 1652273194 186938 1652273194 186942
11 4096 4 1652273194 186943 1652273194 186947
12 4096 3 1652273194 186948 1652273194 186951
3 4096 3 1652273194 186951 1652273194 186954
4 4096 2 1652273194 186954 1652273194 186956
6 4096 2 1652273194 186956 1652273194 186958
6 4096 3 1652273194 186958 1652273194 186961
10 4096 3 1652273194 186961 1652273194 186964
9 4096 3 1652273194 186964 1652273194 186967
8 4096 4 1652273194 186967 1652273194 186971
8 4096 2 1652273194 186971 1652273194 186973
9 4096 4 1652273194 186973 1652273194 186977
10 4096 3 1652273194 186977 1652273194 186980
10 4096 3 1652273194 186980 1652273194 186983
7 4096 3 1652273194 186984 1652273194 186987
10 4096 3 1652273194 186987 1652273194 186990
9 4096 3 1652273194 186990 1652273194 186993
9 4096 4 1652273194 186993 1652273194 186997
8 4096 3 1652273194 186997 1652273194 187000
10 4096 3 1652273194 187000 1652273194 187003
8 4096 4 1652273194 187003 1652273194 187007
10 4096 3 1652273194 187007 1652273194 187010
6 4096 2 1652273194 187010 1652273194 187012
3 4096 2 1652273194 187012 1652273194 187014
6 4096 2 1652273194 187014 1652273194 187016
4 4096 1 1652273194 187016 1652273194 187017
2 4096 1 1652273194 187017 1652273194 187018
2 4096 1 1652273194 187018 1652273194 187019
2 4096 2 1652273194 187019 1652273194 187021
2 4096 1 1652273194 187021 1652273194 187022
2 4096 1 1652273194 187023 1652273194 187024
2 4096 1 1652273194 187024 1652273194 187025
2 4096 1 1652273194 187028 1652273194 187029
1 4096 1 1652273194 187031 1652273194 187032
1 4096 1 1652273194 187033 1652273194 187034
1 4096 1 1652273194 187035 1652273194 187036
1 4096 1 1652273194 187036 1652273194 187037
2 4096 1 1652273194 187038 1652273194 187039
1 4096 1 1652273194 187040 1652273194 187041
1 4096 1 1652273194 187041 1652273194 187042
1 4096 0 1652273194 187044 1652273194 187044
1 4096 1 1652273194 187046 1652273194 187047
1 4096 0 1652273194 187048 1652273194 187048
1 4096 1 1652273194 187049 1652273194 187050
1 4096 1 1652273194 187050 1652273194 187051
1 4096 1 1652273194 187051 1652273194 187052
1 4096 1 1652273194 187053 1652273194 187054
1 4096 1 1652273194 187054 1652273194 187055
1 4096 1 1652273194 187056 1652273194 187057
0 4096 1 1652273194 187056 1652273194 187057
1 4096 0 1652273195 187315 1652273195 187315
2 4096 0 1652273195 187317 1652273195 187317
4 4096 2 1652273195 187317 1652273195 187319
4 4096 2 1652273195 187319 1652273195 187321
5 4096 3 1652273195 187321 1652273195 187324
8 4096 2 1652273195 187324 1652273195 187326
8 4096 4 1652273195 187326 1652273195 187330
8 4096 2 1652273195 187330 1652273195 187332
10 4096 4 1652273195 187332 1652273195 187336
6 4096 3 1652273195 187336 1652273195 187339
7 4096 2 1652273195 187339 1652273195 187341
5 4096 3 1652273195 187341 1652273195 187344
8 4096 3 1652273195 187344 1652273195 187347
12 4096 3 1652273195 187347 1652273195 187350
7 4096 4 1652273195 187350 1652273195 187354
9 4096 3 1652273195 187354 1652273195 187357
8 4096 3 1652273195 187357 1652273195 187360
10 4096 3 1652273195 187360 1652273195 187363
11 4096 4 1652273195 187363 1652273195 187367
10 4096 4 1652273195 187367 1652273195 187371
8 4096 3 1652273195 187371 1652273195 187374
6 4096 3 1652273195 187374 1652273195 187377
11 4096 3 1652273195 187377 1652273195 187380
8 4096 4 1652273195 187380 1652273195 187384
10 4096 3 1652273195 187384 1652273195 187387
8 4096 3 1652273195 187387 1652273195 187390
8 4096 3 1652273195 187390 1652273195 187393
9 4096 3 1652273195 187393 1652273195 187396
7 4096 3 1652273195 187396 1652273195 187399
11 4096 5 1652273195 187399 1652273195 187404
4 4096 2 1652273195 187404 1652273195 187406
2 4096 1 1652273195 187408 1652273195 187409
2 4096 2 1652273195 187409 1652273195 187411
2 4096 1 1652273195 187414 1652273195 187415
1 4096 1 1652273195 187415 1652273195 187416
1 4096 1 1652273195 187416 1652273195 187417
1 4096 2 1652273195 187417 1652273195 187419
1 4096 1 1652273195 187419 1652273195 187420
1 4096 1 1652273195 187421 1652273195 187422
1 4096 1 1652273195 187422 1652273195 187423
2 4096 1 1652273195 187427 1652273195 187428
1 4096 1 1652273195 187428 1652273195 187429
1 4096 1 1652273195 187429 1652273195 187430
2 4096 2 1652273195 187430 1652273195 187432
1 4096 1 1652273195 187433 1652273195 187434
1 4096 1 1652273195 187435 1652273195 187436
2 4096 0 1652273195 187440 1652273195 187440
1 4096 1 1652273195 187442 1652273195 187443
0 4096 1 1652273195 187442 1652273195 187443
1 4096 1 1652273196 187674 1652273196 187675
1 4096 1 1652273196 187675 1652273196 187676
2 4096 1 1652273196 187676 1652273196 187677
4 4096 2 1652273196 187677 1652273196 187679
6 4096 2 1652273196 187679 1652273196 187681
10 4096 3 1652273196 187681 1652273196 187684
7 4096 4 1652273196 187684 1652273196 187688
8 4096 3 1652273196 187688 1652273196 187691
7 4096 2 1652273196 187691 1652273196 187693
9 4096 3 1652273196 187693 1652273196 187696
9 4096 3 1652273196 187696 1652273196 187699
7 4096 3 1652273196 187699 1652273196 187702
8 4096 3 1652273196 187702 1652273196 187705
9 4096 4 1652273196 187705 1652273196 187709
7 4096 3 1652273196 187709 1652273196 187712
6 4096 2 1652273196 187712 1652273196 187714
7 4096 3 1652273196 187714 1652273196 187717
4 4096 2 1652273196 187717 1652273196 187719
8 4096 2 1652273196 187719 1652273196 187721
9 4096 4 1652273196 187721 1652273196 187725
8 4096 3 1652273196 187725 1652273196 187728
9 4096 3 1652273196 187728 1652273196 187731
9 4096 3 1652273196 187731 1652273196 187734
8 4096 3 1652273196 187734 1652273196 187737
8 4096 3 1652273196 187737 1652273196 187740
11 4096 4 1652273196 187740 1652273196 187744
8 4096 3 1652273196 187744 1652273196 187747
9 4096 3 1652273196 187747 1652273196 187750
6 4096 2 1652273196 187750 1652273196 187752
6 4096 2 1652273196 187753 1652273196 187755
7 4096 2 1652273196 187755 1652273196 187757
5 4096 2 1652273196 187757 1652273196 187759
4 4096 1 1652273196 187759 1652273196 187760
1 4096 1 1652273196 187760 1652273196 187761
2 4096 1 1652273196 187761 1652273196 187762
2 4096 0 1652273196 187763 1652273196 187763
1 4096 2 1652273196 187763 1652273196 187765
3 4096 1 1652273196 187765 1652273196 187766
2 4096 2 1652273196 187766 1652273196 187768
1 4096 1 1652273196 187769 1652273196 187770
1 4096 1 1652273196 187771 1652273196 187772
1 4096 1 1652273196 187772 1652273196 187773
1 4096 1 1652273196 187775 1652273196 187776
1 4096 1 1652273196 187776 1652273196 187777
1 4096 1 1652273196 187777 1652273196 187778
1 4096 1 1652273196 187778 1652273196 187779
1 4096 1 1652273196 187780 1652273196 187781
1 4096 1 1652273196 187781 1652273196 187782
1 4096 1 1652273196 187784 1652273196 187785
1 4096 1 1652273196 187785 1652273196 187786
1 4096 1 1652273196 187787 1652273196 187788
1 4096 1 1652273196 187789 1652273196 187790
1 4096 1 1652273196 187790 1652273196 187791
1 4096 1 1652273196 187791 1652273196 187792
1 4096 1 1652273196 187792 1652273196 187793
1 4096 1 1652273196 187793 1652273196 187794
1 4096 1 1652273196 187796 1652273196 187797
0 4096 1 1652273196 187796 1652273196 187797
1 4096 1 1652273197 188062 1652273197 188063
2 4096 1 1652273197 188064 1652273197 188065
3 4096 1 1652273197 188065 1652273197 188066
5 4096 2 1652273197 188067 1652273197 188069
6 4096 2 1652273197 188069 1652273197 188071
8 4096 3 1652273197 188071 1652273197 188074
8 4096 3 1652273197 188074 1652273197 188077
7 4096 3 1652273197 188077 1652273197 188080
11 4096 3 1652273197 188080 1652273197 188083
7 4096 3 1652273197 188083 1652273197 188086
8 4096 3 1652273197 188086 1652273197 188089
5 4096 3 1652273197 188089 1652273197 188092
9 4096 2 1652273197 188092 1652273197 188094
13 4096 4 1652273197 188094 1652273197 188098
6 4096 3 1652273197 188098 1652273197 188101
8 4096 3 1652273197 188101 1652273197 188104
13 4096 6 1652273197 188104 1652273197 188110
15 4096 4 1652273197 188110 1652273197 188114
3 4096 4 1652273197 188114 1652273197 188118
6 4096 2 1652273197 188118 1652273197 188120
9 4096 3 1652273197 188120 1652273197 188123
12 4096 4 1652273197 188123 1652273197 188127
9 4096 4 1652273197 188127 1652273197 188131
8 4096 3 1652273197 188131 1652273197 188134
9 4096 3 1652273197 188134 1652273197 188137
10 4096 3 1652273197 188138 1652273197 188141
8 4096 3 1652273197 188141 1652273197 188144
9 4096 3 1652273197 188144 1652273197 188147
4 4096 2 1652273197 188147 1652273197 188149
5 4096 2 1652273197 188149 1652273197 188151
2 4096 1 1652273197 188151 1652273197 188152
1 4096 1 1652273197 188152 1652273197 188153
1 4096 1 1652273197 188153 1652273197 188154
2 4096 1 1652273197 188154 1652273197 188155
1 4096 2 1652273197 188155 1652273197 188157
1 4096 1 1652273197 188157 1652273197 188158
1 4096 1 1652273197 188158 1652273197 188159
2 4096 1 1652273197 188159 1652273197 188160
1 4096 2 1652273197 188160 1652273197 188162
1 4096 1 1652273197 188162 1652273197 188163
2 4096 1 1652273197 188167 1652273197 188168
1 4096 1 1652273197 188169 1652273197 188170
1 4096 2 1652273197 188170 1652273197 188172
1 4096 1 1652273197 188172 1652273197 188173
1 4096 1 1652273197 188173 1652273197 188174
1 4096 1 1652273197 188174 1652273197 188175
1 4096 1 1652273197 188175 1652273197 188176
2 4096 1 1652273197 188180 1652273197 188181
1 4096 0 1652273197 188182 1652273197 188182
1 4096 1 1652273197 188183 1652273197 188184
1 4096 1 1652273197 188184 1652273197 188185
1 4096 1 1652273197 188186 1652273197 188187
1 4096 1 1652273197 188187 1652273197 188188
1 4096 1 1652273197 188188 1652273197 188189
0 4096 1 1652273197 188188 1652273197 188189
1 4096 1 1652273198 188456 1652273198 188457
1 4096 1 1652273198 188458 1652273198 188459
2 4096 1 1652273198 188459 1652273198 188460
5 4096 2 1652273198 188460 1652273198 188462
7 4096 4 1652273198 188462 1652273198 188466
12 4096 3 1652273198 188466 1652273198 188469
12 4096 5 1652273198 188469 1652273198 188474
13 4096 5 1652273198 188474 1652273198 188479
6 4096 3 1652273198 188479 1652273198 188482
4 4096 2 1652273198 188483 1652273198 188485
5 4096 2 1652273198 188485 1652273198 188487
14 4096 5 1652273198 188487 1652273198 188492
13 4096 4 1652273198 188492 1652273198 188496
5 4096 4 1652273198 188496 1652273198 188500
7 4096 2 1652273198 188500 1652273198 188502
7 4096 3 1652273198 188502 1652273198 188505
14 4096 4 1652273198 188505 1652273198 188509
13 4096 4 1652273198 188509 1652273198 188513
4 4096 4 1652273198 188513 1652273198 188517
5 4096 2 1652273198 188517 1652273198 188519
9 4096 2 1652273198 188519 1652273198 188521
11 4096 4 1652273198 188521 1652273198 188525
9 4096 3 1652273198 188525 1652273198 188528
9 4096 4 1652273198 188528 1652273198 188532
9 4096 3 1652273198 188532 1652273198 188535
9 4096 3 1652273198 188535 1652273198 188538
9 4096 3 1652273198 188538 1652273198 188541
1 4096 1 1652273198 188541 1652273198 188542
5 4096 1 1652273198 188542 1652273198 188543
2 4096 2 1652273198 188543 1652273198 188545
4 4096 1 1652273198 188545 1652273198 188546
2 4096 1 1652273198 188546 1652273198 188547
1 4096 2 1652273198 188547 1652273198 188549
2 4096 1 1652273198 188549 1652273198 188550
3 4096 1 1652273198 188551 1652273198 188552
2 4096 1 1652273198 188552 1652273198 188553
1 4096 1 1652273198 188555 1652273198 188556
1 4096 1 1652273198 188558 1652273198 188559
1 4096 1 1652273198 188559 1652273198 188560
1 4096 1 1652273198 188561 1652273198 188562
2 4096 1 1652273198 188563 1652273198 188564
1 4096 2 1652273198 188564 1652273198 188566
1 4096 1 1652273198 188566 1652273198 188567
1 4096 1 1652273198 188567 1652273198 188568
1 4096 1 1652273198 188570 1652273198 188571
1 4096 1 1652273198 188571 1652273198 188572
1 4096 1 1652273198 188574 1652273198 188575
1 4096 1 1652273198 188575 1652273198 188576
1 4096 1 1652273198 188576 1652273198 188577
1 4096 1 1652273198 188577 1652273198 188578
1 4096 1 1652273198 188578 1652273198 188579
1 4096 1 1652273198 188580 1652273198 188581
1 4096 1 1652273198 188584 1652273198 188585
1 4096 1 1652273198 188586 1652273198 188587
0 4096 1 1652273198 188586 1652273198 188587
1 4096 0 1652273199 188846 1652273199 188846
2 4096 1 1652273199 188847 1652273199 188848
3 4096 2 1652273199 188848 1652273199 188850
6 4096 2 1652273199 188850 1652273199 188852
9 4096 3 1652273199 188852 1652273199 188855
10 4096 4 1652273199 188855 1652273199 188859
11 4096 3 1652273199 188859 1652273199 188862
8 4096 4 1652273199 188862 1652273199 188866
7 4096 3 1652273199 188866 1652273199 188869
7 4096 3 1652273199 188869 1652273199 188872
9 4096 3 1652273199 188872 1652273199 188875
10 4096 3 1652273199 188875 1652273199 188878
10 4096 4 1652273199 188878 1652273199 188882
6 4096 3 1652273199 188882 1652273199 188885
10 4096 3 1652273199 188885 1652273199 188888
8 4096 4 1652273199 188888 1652273199 188892
11 4096 3 1652273199 188892 1652273199 188895
10 4096 4 1652273199 188895 1652273199 188899
14 4096 5 1652273199 188899 1652273199 188904
9 4096 4 1652273199 188904 1652273199 188908
6 4096 3 1652273199 188908 1652273199 188911
5 4096 3 1652273199 188911 1652273199 188914
6 4096 2 1652273199 188914 1652273199 188916
9 4096 3 1652273199 188916 1652273199 188919
14 4096 4 1652273199 188919 1652273199 188923
10 4096 4 1652273199 188923 1652273199 188927
8 4096 3 1652273199 188927 1652273199 188930
5 4096 1 1652273199 188931 1652273199 188932
4 4096 1 1652273199 188933 1652273199 188934
2 4096 2 1652273199 188934 1652273199 188936
1 4096 0 1652273199 188936 1652273199 188936
1 4096 0 1652273199 188937 1652273199 188937
2 4096 1 1652273199 188937 1652273199 188938
1 4096 2 1652273199 188938 1652273199 188940
1 4096 1 1652273199 188940 1652273199 188941
2 4096 1 1652273199 188941 1652273199 188942
1 4096 1 1652273199 188943 1652273199 188944
1 4096 1 1652273199 188945 1652273199 188946
1 4096 1 1652273199 188950 1652273199 188951
1 4096 1 1652273199 188951 1652273199 188952
1 4096 1 1652273199 188952 1652273199 188953
2 4096 2 1652273199 188953 1652273199 188955
1 4096 1 1652273199 188955 1652273199 188956
1 4096 1 1652273199 188956 1652273199 188957
1 4096 2 1652273199 188957 1652273199 188959
1 4096 0 1652273199 188963 1652273199 188963
1 4096 1 1652273199 188963 1652273199 188964
1 4096 1 1652273199 188964 1652273199 188965
1 4096 1 1652273199 188966 1652273199 188967
1 4096 1 1652273199 188967 1652273199 188968
1 4096 1 1652273199 188968 1652273199 188969
1 4096 1 1652273199 188970 1652273199 188971
1 4096 1 1652273199 188971 1652273199 188972
0 4096 1 1652273199 188971 1652273199 188972
8 4096 8 1652273200 189214 1652273200 189222
7 4096 3 1652273200 189222 1652273200 189225
14 4096 6 1652273200 189225 1652273200 189231
10 4096 4 1652273200 189231 1652273200 189235
9 4096 4 1652273200 189235 1652273200 189239
6 4096 3 1652273200 189239 1652273200 189242
6 4096 2 1652273200 189242 1652273200 189244
5 4096 3 1652273200 189244 1652273200 189247
10 4096 3 1652273200 189247 1652273200 189250
13 4096 5 1652273200 189250 1652273200 189255
8 4096 3 1652273200 189255 1652273200 189258
8 4096 3 1652273200 189258 1652273200 189261
6 4096 3 1652273200 189261 1652273200 189264
10 4096 3 1652273200 189264 1652273200 189267
11 4096 3 1652273200 189267 1652273200 189270
9 4096 4 1652273200 189270 1652273200 189274
8 4096 3 1652273200 189274 1652273200 189277
8 4096 3 1652273200 189277 1652273200 189280
9 4096 3 1652273200 189280 1652273200 189283
10 4096 4 1652273200 189283 1652273200 189287
8 4096 3 1652273200 189287 1652273200 189290
9 4096 3 1652273200 189290 1652273200 189293
8 4096 3 1652273200 189293 1652273200 189296
8 4096 3 1652273200 189296 1652273200 189299
3 4096 2 1652273200 189299 1652273200 189301
5 4096 1 1652273200 189301 1652273200 189302
3 4096 1 1652273200 189302 1652273200 189303
6 4096 2 1652273200 189303 1652273200 189305
3 4096 2 1652273200 189305 1652273200 189307
3 4096 1 1652273200 189307 1652273200 189308
1 4096 1 1652273200 189308 1652273200 189309
1 4096 1 1652273200 189309 1652273200 189310
3 4096 1 1652273200 189311 1652273200 189312
1 4096 2 1652273200 189312 1652273200 189314
1 4096 1 1652273200 189315 1652273200 189316
2 4096 1 1652273200 189317 1652273200 189318
2 4096 1 1652273200 189320 1652273200 189321
1 4096 1 1652273200 189324 1652273200 189325
1 4096 1 1652273200 189325 1652273200 189326
1 4096 1 1652273200 189326 1652273200 189327
1 4096 1 1652273200 189327 1652273200 189328
2 4096 1 1652273200 189330 1652273200 189331
1 4096 1 1652273200 189332 1652273200 189333
1 4096 1 1652273200 189333 1652273200 189334
1 4096 1 1652273200 189336 1652273200 189337
1 4096 1 1652273200 189338 1652273200 189339
1 4096 1 1652273200 189339 1652273200 189340
1 4096 1 1652273200 189340 1652273200 189341
1 4096 1 1652273200 189342 1652273200 189343
1 4096 1 1652273200 189343 1652273200 189344
0 4096 1 1652273200 189343 1652273200 189344
1 4096 1 1652273201 189594 1652273201 189595
2 4096 1 1652273201 189596 1652273201 189597
3 4096 2 1652273201 189597 1652273201 189599
5 4096 2 1652273201 189599 1652273201 189601
9 4096 2 1652273201 189601 1652273201 189603
8 4096 3 1652273201 189603 1652273201 189606
10 4096 4 1652273201 189606 1652273201 189610
8 4096 3 1652273201 189610 1652273201 189613
9 4096 3 1652273201 189613 1652273201 189616
6 4096 2 1652273201 189616 1652273201 189618
6 4096 2 1652273201 189619 1652273201 189621
7 4096 3 1652273201 189621 1652273201 189624
10 4096 3 1652273201 189624 1652273201 189627
11 4096 3 1652273201 189627 1652273201 189630
7 4096 3 1652273201 189630 1652273201 189633
8 4096 3 1652273201 189633 1652273201 189636
9 4096 4 1652273201 189636 1652273201 189640
9 4096 3 1652273201 189640 1652273201 189643
10 4096 3 1652273201 189643 1652273201 189646
7 4096 4 1652273201 189646 1652273201 189650
12 4096 3 1652273201 189650 1652273201 189653
7 4096 3 1652273201 189653 1652273201 189656
9 4096 3 1652273201 189656 1652273201 189659
8 4096 4 1652273201 189659 1652273201 189663
12 4096 3 1652273201 189663 1652273201 189666
9 4096 4 1652273201 189666 1652273201 189670
7 4096 3 1652273201 189670 1652273201 189673
5 4096 2 1652273201 189673 1652273201 189675
4 4096 1 1652273201 189675 1652273201 189676
5 4096 2 1652273201 189676 1652273201 189678
5 4096 2 1652273201 189678 1652273201 189680
3 4096 1 1652273201 189680 1652273201 189681
1 4096 1 1652273201 189681 1652273201 189682
2 4096 1 1652273201 189682 1652273201 189683
1 4096 1 1652273201 189683 1652273201 189684
2 4096 1 1652273201 189686 1652273201 189687
2 4096 1 1652273201 189690 1652273201 189691
1 4096 1 1652273201 189692 1652273201 189693
1 4096 1 1652273201 189693 1652273201 189694
1 4096 2 1652273201 189694 1652273201 189696
1 4096 1 1652273201 189696 1652273201 189697
1 4096 1 1652273201 189699 1652273201 189700
1 4096 1 1652273201 189700 1652273201 189701
2 4096 1 1652273201 189702 1652273201 189703
1 4096 1 1652273201 189705 1652273201 189706
1 4096 1 1652273201 189706 1652273201 189707
1 4096 1 1652273201 189707 1652273201 189708
1 4096 1 1652273201 189708 1652273201 189709
1 4096 1 1652273201 189711 1652273201 189712
1 4096 1 1652273201 189713 1652273201 189714
1 4096 1 1652273201 189714 1652273201 189715
1 4096 1 1652273201 189715 1652273201 189716
1 4096 1 1652273201 189718 1652273201 189719
0 4096 1 1652273201 189718 1652273201 189719
1 4096 19 1652273202 189957 1652273202 189976
6 4096 2 1652273202 189976 1652273202 189978
10 4096 3 1652273202 189978 1652273202 189981
8 4096 3 1652273202 189981 1652273202 189984
10 4096 4 1652273202 189984 1652273202 189988
9 4096 4 1652273202 189988 1652273202 189992
9 4096 4 1652273202 189992 1652273202 189996
9 4096 3 1652273202 189996 1652273202 189999
8 4096 4 1652273202 189999 1652273202 190003
13 4096 4 1652273202 190003 1652273202 190007
13 4096 4 1652273202 190008 1652273202 190012
7 4096 4 1652273202 190012 1652273202 190016
7 4096 3 1652273202 190016 1652273202 190019
6 4096 3 1652273202 190019 1652273202 190022
8 4096 3 1652273202 190022 1652273202 190025
9 4096 4 1652273202 190025 1652273202 190029
11 4096 3 1652273202 190029 1652273202 190032
9 4096 4 1652273202 190032 1652273202 190036
7 4096 3 1652273202 190036 1652273202 190039
7 4096 3 1652273202 190039 1652273202 190042
7 4096 3 1652273202 190042 1652273202 190045
9 4096 3 1652273202 190045 1652273202 190048
13 4096 3 1652273202 190048 1652273202 190051
8 4096 4 1652273202 190051 1652273202 190055
7 4096 3 1652273202 190055 1652273202 190058
5 4096 2 1652273202 190058 1652273202 190060
3 4096 1 1652273202 190060 1652273202 190061
4 4096 2 1652273202 190061 1652273202 190063
6 4096 1 1652273202 190063 1652273202 190064
1 4096 1 1652273202 190064 1652273202 190065
3 4096 1 1652273202 190065 1652273202 190066
1 4096 2 1652273202 190066 1652273202 190068
1 4096 1 1652273202 190068 1652273202 190069
1 4096 1 1652273202 190069 1652273202 190070
1 4096 1 1652273202 190072 1652273202 190073
1 4096 1 1652273202 190073 1652273202 190074
1 4096 1 1652273202 190074 1652273202 190075
1 4096 1 1652273202 190075 1652273202 190076
1 4096 1 1652273202 190078 1652273202 190079
1 4096 1 1652273202 190080 1652273202 190081
2 4096 1 1652273202 190082 1652273202 190083
1 4096 1 1652273202 190084 1652273202 190085
1 4096 1 1652273202 190085 1652273202 190086
1 4096 1 1652273202 190087 1652273202 190088
1 4096 1 1652273202 190088 1652273202 190089
1 4096 1 1652273202 190090 1652273202 190091
1 4096 0 1652273202 190093 1652273202 190093
1 4096 1 1652273202 190095 1652273202 190096
1 4096 1 1652273202 190096 1652273202 190097
1 4096 0 1652273202 190097 1652273202 190097
1 4096 0 1652273202 190098 1652273202 190098
1 4096 1 1652273202 190100 1652273202 190101
1 4096 1 1652273202 190105 1652273202 190106
0 4096 1 1652273202 190105 1652273202 190106
