175 4096 75 1652273293 503403 1652273293 503478
91 4096 34 1652273293 503478 1652273293 503512
85 4096 22 1652273293 503512 1652273293 503534
81 4096 24 1652273293 503534 1652273293 503558
85 4096 23 1652273293 503558 1652273293 503581
58 4096 22 1652273293 503581 1652273293 503603
65 4096 18 1652273293 503603 1652273293 503621
78 4096 21 1652273293 503621 1652273293 503642
55 4096 19 1652273293 503642 1652273293 503661
66 4096 17 1652273293 503662 1652273293 503679
66 4096 19 1652273293 503679 1652273293 503698
88 4096 21 1652273293 503698 1652273293 503719
63 4096 24 1652273293 503719 1652273293 503743
83 4096 21 1652273293 503743 1652273293 503764
103 4096 25 1652273293 503764 1652273293 503789
70 4096 26 1652273293 503789 1652273293 503815
82 4096 22 1652273293 503815 1652273293 503837
89 4096 23 1652273293 503838 1652273293 503861
84 4096 24 1652273293 503861 1652273293 503885
80 4096 22 1652273293 503886 1652273293 503908
86 4096 23 1652273293 503908 1652273293 503931
80 4096 22 1652273293 503931 1652273293 503953
37 4096 16 1652273293 503953 1652273293 503969
50 4096 12 1652273293 503969 1652273293 503981
38 4096 10 1652273293 503981 1652273293 503991
39 4096 9 1652273293 503991 1652273293 504000
30 4096 9 1652273293 504000 1652273293 504009
31 4096 9 1652273293 504009 1652273293 504018
10 4096 8 1652273293 504018 1652273293 504026
0 4096 8 1652273293 504018 1652273293 504026
187 4096 81 1652273294 504488 1652273294 504569
101 4096 36 1652273294 504569 1652273294 504605
108 4096 26 1652273294 504606 1652273294 504632
80 4096 25 1652273294 504632 1652273294 504657
73 4096 22 1652273294 504657 1652273294 504679
84 4096 22 1652273294 504679 1652273294 504701
86 4096 23 1652273294 504701 1652273294 504724
76 4096 23 1652273294 504724 1652273294 504747
52 4096 21 1652273294 504747 1652273294 504768
73 4096 20 1652273294 504768 1652273294 504788
82 4096 23 1652273294 504788 1652273294 504811
79 4096 24 1652273294 504811 1652273294 504835
90 4096 25 1652273294 504835 1652273294 504860
86 4096 25 1652273294 504860 1652273294 504885
80 4096 25 1652273294 504885 1652273294 504910
90 4096 26 1652273294 504910 1652273294 504936
86 4096 25 1652273294 504936 1652273294 504961
80 4096 25 1652273294 504961 1652273294 504986
90 4096 24 1652273294 504986 1652273294 505010
85 4096 21 1652273294 505010 1652273294 505031
80 4096 23 1652273294 505031 1652273294 505054
69 4096 19 1652273294 505054 1652273294 505073
37 4096 11 1652273294 505073 1652273294 505084
41 4096 9 1652273294 505084 1652273294 505093
31 4096 9 1652273294 505093 1652273294 505102
21 4096 8 1652273294 505102 1652273294 505110
1 4096 7 1652273294 505110 1652273294 505117
0 4096 7 1652273294 505110 1652273294 505117
147 4096 65 1652273295 505482 1652273295 505547
107 4096 31 1652273295 505547 1652273295 505578
63 4096 23 1652273295 505578 1652273295 505601
65 4096 18 1652273295 505601 1652273295 505619
68 4096 19 1652273295 505619 1652273295 505638
57 4096 19 1652273295 505638 1652273295 505657
52 4096 16 1652273295 505657 1652273295 505673
72 4096 20 1652273295 505673 1652273295 505693
81 4096 21 1652273295 505693 1652273295 505714
52 4096 20 1652273295 505714 1652273295 505734
64 4096 17 1652273295 505734 1652273295 505751
77 4096 20 1652273295 505751 1652273295 505771
78 4096 21 1652273295 505771 1652273295 505792
54 4096 21 1652273295 505792 1652273295 505813
69 4096 18 1652273295 505813 1652273295 505831
77 4096 21 1652273295 505831 1652273295 505852
76 4096 22 1652273295 505852 1652273295 505874
64 4096 21 1652273295 505874 1652273295 505895
73 4096 20 1652273295 505895 1652273295 505915
76 4096 21 1652273295 505915 1652273295 505936
78 4096 24 1652273295 505936 1652273295 505960
84 4096 23 1652273295 505960 1652273295 505983
93 4096 24 1652273295 505983 1652273295 506007
79 4096 24 1652273295 506007 1652273295 506031
79 4096 20 1652273295 506031 1652273295 506051
34 4096 12 1652273295 506051 1652273295 506063
51 4096 11 1652273295 506063 1652273295 506074
36 4096 10 1652273295 506074 1652273295 506084
27 4096 8 1652273295 506084 1652273295 506092
15 4096 8 1652273295 506092 1652273295 506100
0 4096 8 1652273295 506092 1652273295 506100
251 4096 112 1652273296 506470 1652273296 506582
104 4096 43 1652273296 506582 1652273296 506625
93 4096 24 1652273296 506625 1652273296 506649
62 4096 23 1652273296 506649 1652273296 506672
77 4096 19 1652273296 506672 1652273296 506691
76 4096 21 1652273296 506691 1652273296 506712
89 4096 22 1652273296 506712 1652273296 506734
63 4096 24 1652273296 506734 1652273296 506758
88 4096 22 1652273296 506758 1652273296 506780
93 4096 25 1652273296 506780 1652273296 506805
73 4096 24 1652273296 506805 1652273296 506829
82 4096 23 1652273296 506829 1652273296 506852
88 4096 23 1652273296 506852 1652273296 506875
84 4096 25 1652273296 506875 1652273296 506900
79 4096 24 1652273296 506900 1652273296 506924
93 4096 26 1652273296 506924 1652273296 506950
84 4096 24 1652273296 506950 1652273296 506974
79 4096 24 1652273296 506974 1652273296 506998
91 4096 24 1652273296 506998 1652273296 507022
84 4096 25 1652273296 507022 1652273296 507047
41 4096 16 1652273296 507047 1652273296 507063
39 4096 9 1652273296 507063 1652273296 507072
40 4096 10 1652273296 507073 1652273296 507083
37 4096 10 1652273296 507083 1652273296 507093
32 4096 8 1652273296 507093 1652273296 507101
21 4096 8 1652273296 507101 1652273296 507109
1 4096 8 1652273296 507110 1652273296 507118
2 4096 7 1652273296 507118 1652273296 507125
2 4096 8 1652273296 507125 1652273296 507133
0 4096 8 1652273296 507125 1652273296 507133
241 4096 105 1652273297 507521 1652273297 507626
106 4096 42 1652273297 507626 1652273297 507668
95 4096 26 1652273297 507668 1652273297 507694
62 4096 23 1652273297 507694 1652273297 507717
91 4096 21 1652273297 507717 1652273297 507738
84 4096 25 1652273297 507738 1652273297 507763
80 4096 24 1652273297 507763 1652273297 507787
87 4096 23 1652273297 507787 1652273297 507810
88 4096 26 1652273297 507810 1652273297 507836
81 4096 23 1652273297 507836 1652273297 507859
79 4096 23 1652273297 507859 1652273297 507882
86 4096 24 1652273297 507882 1652273297 507906
87 4096 25 1652273297 507906 1652273297 507931
77 4096 23 1652273297 507931 1652273297 507954
86 4096 24 1652273297 507954 1652273297 507978
93 4096 26 1652273297 507978 1652273297 508004
80 4096 24 1652273297 508005 1652273297 508029
83 4096 24 1652273297 508029 1652273297 508053
93 4096 24 1652273297 508053 1652273297 508077
80 4096 23 1652273297 508077 1652273297 508100
37 4096 11 1652273297 508100 1652273297 508111
46 4096 11 1652273297 508111 1652273297 508122
40 4096 10 1652273297 508122 1652273297 508132
33 4096 9 1652273297 508132 1652273297 508141
27 4096 8 1652273297 508141 1652273297 508149
2 4096 8 1652273297 508149 1652273297 508157
2 4096 7 1652273297 508158 1652273297 508165
2 4096 7 1652273297 508165 1652273297 508172
0 4096 7 1652273297 508165 1652273297 508172
185 4096 80 1652273298 508544 1652273298 508624
103 4096 36 1652273298 508624 1652273298 508660
91 4096 25 1652273298 508660 1652273298 508685
67 4096 23 1652273298 508685 1652273298 508708
91 4096 21 1652273298 508708 1652273298 508729
69 4096 23 1652273298 508729 1652273298 508752
78 4096 21 1652273298 508752 1652273298 508773
86 4096 23 1652273298 508773 1652273298 508796
65 4096 24 1652273298 508796 1652273298 508820
82 4096 21 1652273298 508820 1652273298 508841
102 4096 26 1652273298 508841 1652273298 508867
72 4096 27 1652273298 508867 1652273298 508894
82 4096 22 1652273298 508894 1652273298 508916
102 4096 24 1652273298 508917 1652273298 508941
76 4096 27 1652273298 508941 1652273298 508968
78 4096 22 1652273298 508968 1652273298 508990
102 4096 25 1652273298 508990 1652273298 509015
82 4096 28 1652273298 509015 1652273298 509043
87 4096 24 1652273298 509044 1652273298 509068
87 4096 22 1652273298 509068 1652273298 509090
81 4096 24 1652273298 509090 1652273298 509114
65 4096 16 1652273298 509114 1652273298 509130
42 4096 10 1652273298 509130 1652273298 509140
34 4096 9 1652273298 509140 1652273298 509149
26 4096 9 1652273298 509149 1652273298 509158
13 4096 8 1652273298 509158 1652273298 509166
0 4096 8 1652273298 509158 1652273298 509166
163 4096 68 1652273299 509528 1652273299 509596
93 4096 31 1652273299 509596 1652273299 509627
87 4096 23 1652273299 509627 1652273299 509650
76 4096 21 1652273299 509650 1652273299 509671
74 4096 20 1652273299 509671 1652273299 509691
45 4096 19 1652273299 509691 1652273299 509710
61 4096 16 1652273299 509710 1652273299 509726
73 4096 19 1652273299 509726 1652273299 509745
73 4096 20 1652273299 509745 1652273299 509765
49 4096 21 1652273299 509765 1652273299 509786
70 4096 18 1652273299 509786 1652273299 509804
72 4096 19 1652273299 509804 1652273299 509823
65 4096 20 1652273299 509823 1652273299 509843
49 4096 18 1652273299 509843 1652273299 509861
68 4096 17 1652273299 509861 1652273299 509878
69 4096 19 1652273299 509878 1652273299 509897
70 4096 20 1652273299 509897 1652273299 509917
49 4096 19 1652273299 509917 1652273299 509936
61 4096 16 1652273299 509936 1652273299 509952
70 4096 20 1652273299 509952 1652273299 509972
75 4096 20 1652273299 509973 1652273299 509993
50 4096 20 1652273299 509993 1652273299 510013
61 4096 18 1652273299 510013 1652273299 510031
68 4096 19 1652273299 510031 1652273299 510050
77 4096 20 1652273299 510050 1652273299 510070
50 4096 21 1652273299 510070 1652273299 510091
45 4096 13 1652273299 510091 1652273299 510104
36 4096 8 1652273299 510104 1652273299 510112
41 4096 10 1652273299 510112 1652273299 510122
30 4096 9 1652273299 510122 1652273299 510131
37 4096 9 1652273299 510131 1652273299 510140
26 4096 8 1652273299 510140 1652273299 510148
15 4096 8 1652273299 510148 1652273299 510156
0 4096 8 1652273299 510148 1652273299 510156
252 4096 108 1652273300 510522 1652273300 510630
119 4096 47 1652273300 510631 1652273300 510678
107 4096 28 1652273300 510678 1652273300 510706
63 4096 25 1652273300 510706 1652273300 510731
84 4096 20 1652273300 510731 1652273300 510751
83 4096 23 1652273300 510751 1652273300 510774
82 4096 24 1652273300 510774 1652273300 510798
81 4096 24 1652273300 510798 1652273300 510822
92 4096 24 1652273300 510822 1652273300 510846
82 4096 24 1652273300 510846 1652273300 510870
82 4096 23 1652273300 510870 1652273300 510893
89 4096 24 1652273300 510893 1652273300 510917
83 4096 24 1652273300 510917 1652273300 510941
77 4096 22 1652273300 510941 1652273300 510963
76 4096 22 1652273300 510964 1652273300 510986
88 4096 24 1652273300 510987 1652273300 511011
92 4096 28 1652273300 511011 1652273300 511039
82 4096 28 1652273300 511039 1652273300 511067
88 4096 25 1652273300 511067 1652273300 511092
84 4096 20 1652273300 511092 1652273300 511112
44 4096 15 1652273300 511112 1652273300 511127
41 4096 10 1652273300 511127 1652273300 511137
41 4096 10 1652273300 511137 1652273300 511147
25 4096 9 1652273300 511147 1652273300 511156
9 4096 8 1652273300 511156 1652273300 511164
2 4096 7 1652273300 511165 1652273300 511172
0 4096 7 1652273300 511165 1652273300 511172
235 4096 100 1652273301 511552 1652273301 511652
122 4096 45 1652273301 511652 1652273301 511697
101 4096 26 1652273301 511697 1652273301 511723
67 4096 25 1652273301 511723 1652273301 511748
82 4096 21 1652273301 511748 1652273301 511769
74 4096 22 1652273301 511769 1652273301 511791
70 4096 22 1652273301 511791 1652273301 511813
76 4096 22 1652273301 511813 1652273301 511835
93 4096 25 1652273301 511835 1652273301 511860
87 4096 26 1652273301 511860 1652273301 511886
83 4096 25 1652273301 511886 1652273301 511911
86 4096 25 1652273301 511911 1652273301 511936
87 4096 24 1652273301 511936 1652273301 511960
91 4096 26 1652273301 511960 1652273301 511986
78 4096 25 1652273301 511986 1652273301 512011
87 4096 23 1652273301 512011 1652273301 512034
92 4096 26 1652273301 512034 1652273301 512060
77 4096 24 1652273301 512060 1652273301 512084
87 4096 23 1652273301 512084 1652273301 512107
82 4096 21 1652273301 512107 1652273301 512128
38 4096 13 1652273301 512128 1652273301 512141
49 4096 11 1652273301 512141 1652273301 512152
43 4096 13 1652273301 512152 1652273301 512165
30 4096 9 1652273301 512165 1652273301 512174
27 4096 9 1652273301 512174 1652273301 512183
2 4096 8 1652273301 512183 1652273301 512191
2 4096 7 1652273301 512191 1652273301 512198
0 4096 7 1652273301 512191 1652273301 512198
203 4096 83 1652273302 512566 1652273302 512649
107 4096 40 1652273302 512649 1652273302 512689
96 4096 25 1652273302 512689 1652273302 512714
71 4096 25 1652273302 512714 1652273302 512739
82 4096 22 1652273302 512739 1652273302 512761
72 4096 22 1652273302 512761 1652273302 512783
79 4096 21 1652273302 512783 1652273302 512804
69 4096 22 1652273302 512805 1652273302 512827
57 4096 21 1652273302 512827 1652273302 512848
82 4096 22 1652273302 512848 1652273302 512870
92 4096 25 1652273302 512870 1652273302 512895
81 4096 24 1652273302 512895 1652273302 512919
81 4096 24 1652273302 512919 1652273302 512943
86 4096 23 1652273302 512943 1652273302 512966
85 4096 24 1652273302 512966 1652273302 512990
82 4096 24 1652273302 512990 1652273302 513014
88 4096 26 1652273302 513014 1652273302 513040
86 4096 26 1652273302 513040 1652273302 513066
82 4096 25 1652273302 513066 1652273302 513091
88 4096 23 1652273302 513091 1652273302 513114
84 4096 20 1652273302 513114 1652273302 513134
66 4096 21 1652273302 513134 1652273302 513155
52 4096 12 1652273302 513155 1652273302 513167
28 4096 10 1652273302 513167 1652273302 513177
34 4096 10 1652273302 513177 1652273302 513187
15 4096 8 1652273302 513187 1652273302 513195
0 4096 8 1652273302 513187 1652273302 513195
247 4096 103 1652273303 513557 1652273303 513660
109 4096 44 1652273303 513660 1652273303 513704
91 4096 24 1652273303 513704 1652273303 513728
58 4096 23 1652273303 513728 1652273303 513751
67 4096 18 1652273303 513751 1652273303 513769
68 4096 19 1652273303 513769 1652273303 513788
82 4096 21 1652273303 513788 1652273303 513809
58 4096 21 1652273303 513809 1652273303 513830
80 4096 20 1652273303 513830 1652273303 513850
83 4096 24 1652273303 513850 1652273303 513874
91 4096 25 1652273303 513874 1652273303 513899
74 4096 24 1652273303 513899 1652273303 513923
85 4096 23 1652273303 513923 1652273303 513946
83 4096 24 1652273303 513946 1652273303 513970
69 4096 24 1652273303 513970 1652273303 513994
76 4096 21 1652273303 513994 1652273303 514015
85 4096 24 1652273303 514015 1652273303 514039
85 4096 24 1652273303 514040 1652273303 514064
85 4096 24 1652273303 514064 1652273303 514088
86 4096 24 1652273303 514088 1652273303 514112
79 4096 21 1652273303 514112 1652273303 514133
47 4096 15 1652273303 514134 1652273303 514149
46 4096 10 1652273303 514150 1652273303 514160
36 4096 10 1652273303 514160 1652273303 514170
35 4096 10 1652273303 514170 1652273303 514180
33 4096 10 1652273303 514180 1652273303 514190
7 4096 8 1652273303 514190 1652273303 514198
3 4096 8 1652273303 514198 1652273303 514206
0 4096 8 1652273303 514198 1652273303 514206
256 4096 123 1652273304 514588 1652273304 514711
100 4096 43 1652273304 514711 1652273304 514754
90 4096 25 1652273304 514754 1652273304 514779
69 4096 23 1652273304 514779 1652273304 514802
82 4096 24 1652273304 514802 1652273304 514826
74 4096 20 1652273304 514826 1652273304 514846
73 4096 21 1652273304 514846 1652273304 514867
45 4096 20 1652273304 514867 1652273304 514887
73 4096 17 1652273304 514887 1652273304 514904
80 4096 22 1652273304 514904 1652273304 514926
65 4096 21 1652273304 514926 1652273304 514947
46 4096 18 1652273304 514947 1652273304 514965
65 4096 18 1652273304 514965 1652273304 514983
76 4096 20 1652273304 514983 1652273304 515003
69 4096 22 1652273304 515003 1652273304 515025
54 4096 20 1652273304 515025 1652273304 515045
64 4096 17 1652273304 515046 1652273304 515063
68 4096 19 1652273304 515063 1652273304 515082
69 4096 20 1652273304 515082 1652273304 515102
55 4096 20 1652273304 515102 1652273304 515122
62 4096 18 1652273304 515122 1652273304 515140
71 4096 21 1652273304 515140 1652273304 515161
68 4096 22 1652273304 515161 1652273304 515183
61 4096 20 1652273304 515183 1652273304 515203
63 4096 19 1652273304 515203 1652273304 515222
39 4096 9 1652273304 515222 1652273304 515231
33 4096 9 1652273304 515231 1652273304 515240
31 4096 9 1652273304 515240 1652273304 515249
29 4096 8 1652273304 515249 1652273304 515257
16 4096 8 1652273304 515258 1652273304 515266
2 4096 7 1652273304 515266 1652273304 515273
0 4096 7 1652273304 515266 1652273304 515273
256 4096 122 1652273305 515679 1652273305 515801
105 4096 45 1652273305 515801 1652273305 515846
84 4096 23 1652273305 515846 1652273305 515869
69 4096 22 1652273305 515869 1652273305 515891
70 4096 21 1652273305 515891 1652273305 515912
70 4096 19 1652273305 515912 1652273305 515931
81 4096 21 1652273305 515931 1652273305 515952
52 4096 21 1652273305 515952 1652273305 515973
73 4096 19 1652273305 515973 1652273305 515992
83 4096 21 1652273305 515992 1652273305 516013
80 4096 22 1652273305 516013 1652273305 516035
56 4096 23 1652273305 516035 1652273305 516058
77 4096 21 1652273305 516058 1652273305 516079
93 4096 24 1652273305 516079 1652273305 516103
82 4096 25 1652273305 516103 1652273305 516128
78 4096 24 1652273305 516128 1652273305 516152
87 4096 23 1652273305 516153 1652273305 516176
86 4096 24 1652273305 516176 1652273305 516200
83 4096 29 1652273305 516200 1652273305 516229
87 4096 23 1652273305 516229 1652273305 516252
79 4096 22 1652273305 516252 1652273305 516274
51 4096 18 1652273305 516274 1652273305 516292
41 4096 10 1652273305 516292 1652273305 516302
39 4096 11 1652273305 516302 1652273305 516313
33 4096 8 1652273305 516313 1652273305 516321
31 4096 8 1652273305 516322 1652273305 516330
20 4096 8 1652273305 516330 1652273305 516338
2 4096 7 1652273305 516338 1652273305 516345
0 4096 7 1652273305 516338 1652273305 516345
226 4096 98 1652273306 516732 1652273306 516830
113 4096 40 1652273306 516830 1652273306 516870
106 4096 29 1652273306 516870 1652273306 516899
71 4096 24 1652273306 516899 1652273306 516923
83 4096 22 1652273306 516923 1652273306 516945
78 4096 22 1652273306 516945 1652273306 516967
74 4096 22 1652273306 516967 1652273306 516989
76 4096 22 1652273306 516989 1652273306 517011
59 4096 23 1652273306 517011 1652273306 517034
73 4096 20 1652273306 517034 1652273306 517054
86 4096 24 1652273306 517054 1652273306 517078
90 4096 25 1652273306 517078 1652273306 517103
80 4096 26 1652273306 517103 1652273306 517129
88 4096 24 1652273306 517129 1652273306 517153
88 4096 27 1652273306 517153 1652273306 517180
83 4096 25 1652273306 517180 1652273306 517205
129 4096 31 1652273306 517205 1652273306 517236
108 4096 35 1652273306 517236 1652273306 517271
88 4096 27 1652273306 517271 1652273306 517298
60 4096 15 1652273306 517298 1652273306 517313
71 4096 19 1652273306 517313 1652273306 517332
36 4096 14 1652273306 517332 1652273306 517346
48 4096 13 1652273306 517346 1652273306 517359
26 4096 9 1652273306 517359 1652273306 517368
8 4096 8 1652273306 517368 1652273306 517376
0 4096 8 1652273306 517368 1652273306 517376
216 4096 94 1652273307 517730 1652273307 517824
112 4096 39 1652273307 517824 1652273307 517863
105 4096 26 1652273307 517863 1652273307 517889
90 4096 30 1652273307 517889 1652273307 517919
78 4096 23 1652273307 517919 1652273307 517942
81 4096 22 1652273307 517942 1652273307 517964
80 4096 22 1652273307 517964 1652273307 517986
83 4096 23 1652273307 517986 1652273307 518009
73 4096 25 1652273307 518009 1652273307 518034
95 4096 25 1652273307 518034 1652273307 518059
88 4096 24 1652273307 518059 1652273307 518083
73 4096 25 1652273307 518083 1652273307 518108
93 4096 23 1652273307 518108 1652273307 518131
90 4096 27 1652273307 518131 1652273307 518158
73 4096 24 1652273307 518158 1652273307 518182
93 4096 24 1652273307 518182 1652273307 518206
100 4096 32 1652273307 518206 1652273307 518238
84 4096 27 1652273307 518238 1652273307 518265
86 4096 22 1652273307 518265 1652273307 518287
86 4096 19 1652273307 518287 1652273307 518306
64 4096 19 1652273307 518306 1652273307 518325
43 4096 12 1652273307 518325 1652273307 518337
32 4096 9 1652273307 518337 1652273307 518346
24 4096 8 1652273307 518346 1652273307 518354
6 4096 7 1652273307 518355 1652273307 518362
0 4096 7 1652273307 518355 1652273307 518362
183 4096 79 1652273308 518729 1652273308 518808
97 4096 34 1652273308 518808 1652273308 518842
96 4096 24 1652273308 518842 1652273308 518866
72 4096 24 1652273308 518866 1652273308 518890
92 4096 25 1652273308 518890 1652273308 518915
86 4096 25 1652273308 518915 1652273308 518940
78 4096 22 1652273308 518940 1652273308 518962
84 4096 22 1652273308 518962 1652273308 518984
67 4096 24 1652273308 518985 1652273308 519009
85 4096 21 1652273308 519009 1652273308 519030
85 4096 24 1652273308 519030 1652273308 519054
79 4096 24 1652273308 519054 1652273308 519078
81 4096 24 1652273308 519078 1652273308 519102
95 4096 25 1652273308 519102 1652273308 519127
80 4096 24 1652273308 519127 1652273308 519151
79 4096 24 1652273308 519151 1652273308 519175
95 4096 24 1652273308 519175 1652273308 519199
82 4096 31 1652273308 519199 1652273308 519230
96 4096 26 1652273308 519230 1652273308 519256
78 4096 23 1652273308 519256 1652273308 519279
82 4096 23 1652273308 519279 1652273308 519302
54 4096 15 1652273308 519302 1652273308 519317
32 4096 9 1652273308 519317 1652273308 519326
37 4096 10 1652273308 519326 1652273308 519336
34 4096 9 1652273308 519336 1652273308 519345
17 4096 8 1652273308 519345 1652273308 519353
2 4096 7 1652273308 519353 1652273308 519360
0 4096 7 1652273308 519353 1652273308 519360
171 4096 72 1652273309 519710 1652273309 519782
98 4096 34 1652273309 519782 1652273309 519816
91 4096 23 1652273309 519817 1652273309 519840
85 4096 24 1652273309 519840 1652273309 519864
79 4096 23 1652273309 519864 1652273309 519887
72 4096 22 1652273309 519887 1652273309 519909
81 4096 21 1652273309 519909 1652273309 519930
90 4096 24 1652273309 519930 1652273309 519954
69 4096 24 1652273309 519954 1652273309 519978
83 4096 21 1652273309 519978 1652273309 519999
90 4096 24 1652273309 519999 1652273309 520023
82 4096 25 1652273309 520023 1652273309 520048
82 4096 24 1652273309 520048 1652273309 520072
92 4096 25 1652273309 520072 1652273309 520097
81 4096 25 1652273309 520097 1652273309 520122
79 4096 25 1652273309 520122 1652273309 520147
93 4096 25 1652273309 520147 1652273309 520172
84 4096 25 1652273309 520172 1652273309 520197
93 4096 31 1652273309 520197 1652273309 520228
80 4096 23 1652273309 520228 1652273309 520251
85 4096 24 1652273309 520252 1652273309 520276
66 4096 16 1652273309 520276 1652273309 520292
31 4096 8 1652273309 520292 1652273309 520300
39 4096 10 1652273309 520300 1652273309 520310
27 4096 8 1652273309 520311 1652273309 520319
22 4096 8 1652273309 520319 1652273309 520327
3 4096 8 1652273309 520327 1652273309 520335
0 4096 8 1652273309 520327 1652273309 520335
195 4096 81 1652273310 520682 1652273310 520763
98 4096 35 1652273310 520763 1652273310 520798
101 4096 25 1652273310 520798 1652273310 520823
67 4096 24 1652273310 520823 1652273310 520847
84 4096 21 1652273310 520847 1652273310 520868
82 4096 24 1652273310 520868 1652273310 520892
86 4096 24 1652273310 520892 1652273310 520916
87 4096 24 1652273310 520916 1652273310 520940
83 4096 23 1652273310 520940 1652273310 520963
85 4096 23 1652273310 520963 1652273310 520986
83 4096 24 1652273310 520986 1652273310 521010
82 4096 24 1652273310 521010 1652273310 521034
85 4096 23 1652273310 521034 1652273310 521057
87 4096 24 1652273310 521057 1652273310 521081
84 4096 25 1652273310 521081 1652273310 521106
83 4096 24 1652273310 521106 1652273310 521130
83 4096 23 1652273310 521130 1652273310 521153
85 4096 25 1652273310 521153 1652273310 521178
82 4096 25 1652273310 521178 1652273310 521203
89 4096 28 1652273310 521203 1652273310 521231
85 4096 21 1652273310 521231 1652273310 521252
52 4096 12 1652273310 521252 1652273310 521264
29 4096 9 1652273310 521264 1652273310 521273
43 4096 11 1652273310 521273 1652273310 521284
26 4096 9 1652273310 521284 1652273310 521293
2 4096 7 1652273310 521293 1652273310 521300
0 4096 7 1652273310 521293 1652273310 521300
154 4096 67 1652273311 521657 1652273311 521724
102 4096 33 1652273311 521724 1652273311 521757
80 4096 24 1652273311 521757 1652273311 521781
73 4096 20 1652273311 521781 1652273311 521801
72 4096 20 1652273311 521801 1652273311 521821
49 4096 20 1652273311 521821 1652273311 521841
63 4096 17 1652273311 521841 1652273311 521858
73 4096 20 1652273311 521858 1652273311 521878
71 4096 21 1652273311 521878 1652273311 521899
49 4096 19 1652273311 521899 1652273311 521918
55 4096 17 1652273311 521918 1652273311 521935
72 4096 18 1652273311 521935 1652273311 521953
76 4096 21 1652273311 521953 1652273311 521974
53 4096 20 1652273311 521974 1652273311 521994
55 4096 17 1652273311 521994 1652273311 522011
69 4096 19 1652273311 522011 1652273311 522030
79 4096 21 1652273311 522030 1652273311 522051
53 4096 20 1652273311 522051 1652273311 522071
60 4096 17 1652273311 522071 1652273311 522088
66 4096 18 1652273311 522088 1652273311 522106
75 4096 21 1652273311 522106 1652273311 522127
55 4096 20 1652273311 522127 1652273311 522147
62 4096 18 1652273311 522147 1652273311 522165
67 4096 18 1652273311 522165 1652273311 522183
72 4096 20 1652273311 522183 1652273311 522203
61 4096 25 1652273311 522203 1652273311 522228
64 4096 15 1652273311 522228 1652273311 522243
32 4096 9 1652273311 522243 1652273311 522252
33 4096 9 1652273311 522252 1652273311 522261
31 4096 8 1652273311 522261 1652273311 522269
33 4096 9 1652273311 522269 1652273311 522278
23 4096 9 1652273311 522278 1652273311 522287
16 4096 8 1652273311 522287 1652273311 522295
0 4096 8 1652273311 522287 1652273311 522295
154 4096 67 1652273312 522658 1652273312 522725
102 4096 29 1652273312 522725 1652273312 522754
70 4096 23 1652273312 522754 1652273312 522777
77 4096 20 1652273312 522777 1652273312 522797
78 4096 21 1652273312 522797 1652273312 522818
46 4096 20 1652273312 522818 1652273312 522838
64 4096 17 1652273312 522838 1652273312 522855
72 4096 18 1652273312 522855 1652273312 522873
75 4096 22 1652273312 522874 1652273312 522896
58 4096 21 1652273312 522896 1652273312 522917
75 4096 19 1652273312 522918 1652273312 522937
82 4096 21 1652273312 522937 1652273312 522958
74 4096 22 1652273312 522959 1652273312 522981
58 4096 21 1652273312 522981 1652273312 523002
82 4096 21 1652273312 523002 1652273312 523023
90 4096 22 1652273312 523023 1652273312 523045
83 4096 27 1652273312 523045 1652273312 523072
81 4096 24 1652273312 523072 1652273312 523096
89 4096 23 1652273312 523096 1652273312 523119
81 4096 25 1652273312 523119 1652273312 523144
79 4096 25 1652273312 523144 1652273312 523169
95 4096 24 1652273312 523169 1652273312 523193
81 4096 28 1652273312 523193 1652273312 523221
74 4096 18 1652273312 523221 1652273312 523239
36 4096 11 1652273312 523239 1652273312 523250
44 4096 10 1652273312 523250 1652273312 523260
30 4096 9 1652273312 523260 1652273312 523269
18 4096 8 1652273312 523269 1652273312 523277
0 4096 8 1652273312 523269 1652273312 523277
152 4096 65 1652273313 523617 1652273313 523682
102 4096 30 1652273313 523682 1652273313 523712
70 4096 23 1652273313 523712 1652273313 523735
71 4096 20 1652273313 523735 1652273313 523755
78 4096 21 1652273313 523755 1652273313 523776
56 4096 22 1652273313 523776 1652273313 523798
77 4096 19 1652273313 523798 1652273313 523817
86 4096 21 1652273313 523817 1652273313 523838
75 4096 23 1652273313 523838 1652273313 523861
55 4096 21 1652273313 523861 1652273313 523882
78 4096 20 1652273313 523882 1652273313 523902
93 4096 23 1652273313 523902 1652273313 523925
77 4096 25 1652273313 523925 1652273313 523950
79 4096 22 1652273313 523950 1652273313 523972
88 4096 24 1652273313 523972 1652273313 523996
87 4096 26 1652273313 523996 1652273313 524022
80 4096 24 1652273313 524022 1652273313 524046
88 4096 24 1652273313 524046 1652273313 524070
88 4096 26 1652273313 524070 1652273313 524096
80 4096 23 1652273313 524096 1652273313 524119
87 4096 23 1652273313 524119 1652273313 524142
76 4096 21 1652273313 524142 1652273313 524163
42 4096 16 1652273313 524163 1652273313 524179
57 4096 13 1652273313 524179 1652273313 524192
47 4096 11 1652273313 524192 1652273313 524203
34 4096 9 1652273313 524203 1652273313 524212
44 4096 14 1652273313 524212 1652273313 524226
1 4096 7 1652273313 524226 1652273313 524233
0 4096 7 1652273313 524226 1652273313 524233
